100
  120   53   45   45   35   33   31  101   36   67   68   67  111   54  114   47  100   92   88   44   36  113   21   77  112   33  113  115   79  114   58  111   26  114   47   41  114  103   99   29  110   77   49   70   85   24  111   82   84   41   39   81   49   42   73  111   24  114   70   42   30   63  111  102  111   36   36  117   91   63   35   91   95   92   69   91   81   82  102   26   45   57   44   72   83   44   99   73  114   72   84   34   54  109  119   25   88   98  114   86
 0 1 0 0 0 0 0 0 0 0 1 0 0 1 0 0 0 0 0 1 0 0 0 0 0 0 1 1 0 0 0 0 0 1 1 0 1 0 0 0 1 0 0 1 0 1 0 0 0 0 1 0 0 0 0 0 0 1 0 1 1 0 0 0 1 0 1 1 0 1 0 0 0 1 0 0 1 0 1 0 1 0 0 0 0 0 1 0 0 0 0 0 0 0 0 0 1 0 1 0
 1 0 1 1 1 0 0 0 0 0 1 0 0 0 1 1 0 0 0 1 1 1 1 0 1 1 1 0 0 0 1 0 0 1 0 0 1 1 0 0 0 1 0 1 0 0 0 0 1 0 0 0 0 0 0 1 0 0 1 0 0 1 1 0 1 0 0 0 1 0 1 1 0 1 0 1 0 0 1 0 1 1 1 1 0 0 1 1 1 1 0 1 0 0 0 1 0 0 0 1
 0 1 0 1 0 0 0 0 0 0 1 1 1 0 0 0 1 1 1 0 0 0 1 0 0 0 0 0 0 1 0 1 0 1 1 0 1 1 1 0 0 0 0 0 0 0 1 0 0 1 0 0 1 0 0 0 0 1 0 1 0 0 0 1 1 1 0 0 0 1 0 0 1 0 1 1 0 0 0 0 0 1 0 1 0 1 1 0 0 1 1 0 0 1 0 1 1 1 1 0
 0 1 1 0 0 1 0 1 0 0 0 1 1 1 1 0 0 1 1 0 1 1 1 0 0 0 0 1 1 1 0 0 0 0 0 0 0 0 1 0 1 0 0 0 0 0 1 0 1 1 0 0 0 0 0 1 1 0 0 0 0 0 0 0 0 1 1 1 0 0 0 1 1 0 0 1 1 1 1 1 1 0 1 1 0 0 0 0 0 0 0 0 1 0 0 1 1 0 1 0
 0 1 0 0 0 0 0 0 0 0 1 1 1 0 0 0 0 0 1 1 0 1 1 1 1 1 0 1 1 1 0 0 1 0 0 0 0 1 1 1 1 0 1 0 1 1 0 0 1 0 1 0 0 1 1 1 0 0 0 0 0 0 1 1 1 0 0 0 0 1 1 1 0 0 0 1 1 0 0 1 0 0 0 0 0 1 0 1 1 1 0 0 0 1 0 1 1 0 1 0
 0 0 0 1 0 0 0 0 0 1 0 0 0 1 0 0 0 1 0 0 1 0 1 0 1 0 1 1 0 1 0 0 1 1 0 1 0 0 0 0 0 1 0 1 0 1 0 0 0 1 1 0 0 1 0 0 1 0 1 0 1 1 1 1 0 0 0 0 0 0 0 1 1 1 0 1 0 0 1 0 1 0 0 1 1 0 0 0 1 0 0 0 1 0 0 0 1 0 0 1
 0 0 0 0 0 0 0 0 0 0 1 0 0 1 1 1 1 0 0 0 0 0 1 0 1 0 0 0 0 0 0 1 0 1 0 1 1 0 0 0 0 0 1 1 0 0 0 1 0 0 1 0 0 0 0 1 1 0 0 0 0 1 1 0 1 1 0 0 0 0 1 1 1 0 0 0 1 0 0 0 0 1 0 1 1 1 0 0 0 0 0 0 0 0 1 0 1 1 0 1
 0 0 0 1 0 0 0 0 0 1 0 0 1 0 1 1 0 1 0 0 0 0 0 0 0 1 0 1 1 0 1 0 0 0 0 0 0 1 0 0 1 0 0 0 0 0 1 0 0 0 0 1 1 0 0 0 1 0 0 1 0 0 0 0 1 0 0 1 1 0 0 0 0 0 0 0 1 0 1 0 1 1 0 1 1 0 1 0 0 1 1 1 1 1 0 0 0 1 1 1
 0 0 0 0 0 0 0 0 0 0 0 1 0 1 0 1 1 0 1 0 1 0 0 1 0 1 0 0 0 1 0 1 0 0 0 1 1 0 1 0 0 0 0 1 1 0 0 0 0 0 0 1 1 0 0 1 0 0 0 1 0 0 0 0 0 0 0 1 0 1 0 0 1 1 1 1 1 1 0 0 0 0 0 0 0 0 0 0 0 0 1 0 0 0 0 1 0 0 1 1
 0 0 0 0 0 1 0 1 0 0 0 0 0 0 0 1 1 0 0 0 1 1 0 1 0 1 0 0 0 0 0 1 1 0 0 0 0 0 1 1 0 0 1 1 0 1 0 0 0 0 0 1 1 1 1 0 0 0 1 1 0 1 0 1 1 1 1 1 0 0 0 0 0 0 0 0 0 0 1 1 1 0 0 0 1 1 0 1 0 0 0 1 0 1 1 0 0 0 1 0
 1 1 1 0 1 0 1 0 0 0 0 0 1 0 1 0 1 1 0 1 0 1 1 0 0 1 1 0 0 1 0 0 0 0 1 0 1 1 1 0 0 0 0 0 1 0 0 0 0 0 0 1 0 0 1 0 0 1 1 0 0 0 1 1 1 1 0 0 1 0 0 0 0 0 0 0 1 0 0 1 0 0 0 1 0 0 0 1 1 0 1 0 1 1 0 0 0 0 0 1
 0 0 1 1 1 0 0 0 1 0 0 0 0 0 0 1 0 0 0 0 0 1 0 1 0 0 1 1 0 1 0 0 1 0 0 0 1 0 1 0 0 0 1 0 1 0 0 1 1 0 1 0 1 1 0 0 1 0 1 1 1 0 0 0 0 0 1 1 1 0 1 0 1 0 0 0 0 0 0 1 1 0 0 1 1 1 0 1 1 0 0 1 0 1 0 1 0 0 0 0
 0 0 1 1 1 0 0 1 0 0 1 0 0 0 0 0 1 1 1 1 0 0 0 0 1 1 0 0 0 1 0 0 0 0 0 1 0 0 1 1 0 1 1 0 0 1 1 0 1 0 1 1 0 0 1 1 0 0 0 0 0 0 0 1 1 0 1 0 1 0 1 1 0 0 0 1 1 0 0 0 1 0 1 0 0 1 0 0 0 1 0 1 1 1 0 1 1 1 1 1
 1 0 0 1 0 1 1 0 1 0 0 0 0 0 0 0 0 1 1 1 1 0 0 1 0 0 0 0 0 1 0 0 0 0 0 0 0 0 1 0 1 0 0 1 0 0 1 0 1 1 0 1 0 0 1 0 0 1 0 1 0 0 1 1 1 1 1 0 0 0 1 0 0 0 0 0 0 0 0 0 0 0 1 1 1 0 1 0 1 0 0 1 0 0 1 1 1 1 0 0
 0 1 0 1 0 0 1 1 0 0 1 0 0 0 0 0 1 1 0 1 0 0 1 0 0 1 0 0 0 1 1 0 1 0 0 0 0 0 0 0 1 0 0 1 1 0 0 0 0 0 1 0 0 0 0 0 0 0 0 0 1 0 0 0 1 0 1 1 0 0 0 0 0 0 0 0 0 0 1 0 0 0 1 1 0 1 0 0 0 1 1 1 1 0 1 0 0 0 1 0
 0 1 0 0 0 0 1 1 1 1 0 1 0 0 0 0 0 1 1 0 0 0 1 0 0 1 0 0 1 1 0 1 1 1 0 0 0 0 1 1 1 0 1 0 1 0 0 0 1 0 1 1 1 0 1 0 1 0 0 1 0 0 0 1 1 0 1 0 0 0 0 0 0 1 1 1 0 0 1 1 0 1 0 0 1 0 1 0 0 0 0 1 0 0 0 0 0 1 1 0
 0 0 1 0 0 0 1 0 1 1 1 0 1 0 1 0 0 0 1 0 0 1 0 0 0 1 0 0 1 0 0 0 0 1 0 0 0 0 0 0 1 0 0 1 0 0 0 1 1 0 0 0 0 1 0 1 1 0 0 1 0 0 0 0 0 1 0 0 0 0 0 0 1 0 1 0 0 0 1 0 0 0 1 0 1 1 0 1 0 1 1 1 0 0 0 0 0 1 1 1
 0 0 1 1 0 1 0 1 0 0 1 0 1 1 1 1 0 0 0 0 1 1 0 0 0 1 1 0 0 0 1 0 0 1 0 0 1 0 1 1 0 0 1 0 1 1 1 1 1 1 1 1 0 0 0 0 1 0 0 1 0 1 1 0 0 1 0 1 0 0 1 1 0 0 0 1 1 1 0 1 1 0 0 0 0 1 0 1 0 0 0 0 1 1 1 0 0 0 0 0
 0 0 1 1 1 0 0 0 1 0 0 0 1 1 0 1 1 0 0 1 1 1 0 0 0 0 0 1 0 0 0 0 1 1 0 1 0 1 0 0 0 0 0 1 1 1 0 1 0 0 1 0 0 1 0 0 0 1 0 0 0 0 0 0 0 0 0 0 1 0 1 0 0 0 0 0 1 0 0 0 1 1 0 0 0 1 0 0 1 1 0 1 1 0 0 1 1 0 0 1
 1 1 0 0 1 0 0 0 0 0 1 0 1 1 1 0 0 0 1 0 0 1 1 1 0 0 0 1 0 1 0 1 1 1 0 1 1 1 1 1 0 0 0 0 1 1 1 0 1 1 1 0 0 1 0 1 1 1 1 0 0 1 1 0 0 0 1 0 0 0 1 0 1 1 0 0 1 0 1 0 1 0 0 1 0 0 0 1 1 1 1 0 1 0 1 1 0 0 1 1
 0 1 0 1 0 1 0 0 1 1 0 0 0 1 0 0 0 1 1 0 0 0 0 0 0 1 0 1 0 0 0 0 1 0 0 1 0 1 1 0 1 0 1 1 0 1 0 0 1 1 1 1 1 0 0 1 0 1 0 1 0 0 0 1 1 0 0 1 1 1 0 1 1 1 1 1 0 0 0 0 0 1 0 1 0 1 1 1 0 0 1 1 0 0 0 0 1 0 0 0
 0 1 0 1 1 0 0 0 0 1 1 1 0 0 0 0 1 1 1 1 0 0 0 1 0 1 1 0 1 0 0 0 0 1 0 1 1 0 1 0 0 0 1 1 0 0 0 0 1 0 0 0 1 0 0 1 0 0 1 0 0 0 0 0 0 0 0 0 1 0 0 1 0 1 1 0 0 1 0 0 0 0 1 1 0 1 0 1 0 0 1 1 0 0 0 1 0 0 0 0
 0 1 1 1 1 1 1 0 0 0 1 0 0 0 1 1 0 0 0 1 0 0 0 1 1 0 1 0 0 1 1 1 1 1 0 1 0 1 0 0 1 1 0 0 0 1 1 0 0 0 0 0 1 0 0 0 1 1 1 1 0 1 1 0 0 0 0 1 0 0 0 0 1 1 0 0 1 1 0 1 0 0 0 1 1 1 0 0 0 0 1 0 1 0 0 1 1 1 0 0
 0 0 0 0 1 0 0 0 1 1 0 1 0 1 0 0 0 0 0 1 0 1 1 0 0 1 0 1 0 1 1 0 1 0 0 0 0 0 0 0 1 0 0 1 1 1 0 0 0 0 0 0 0 0 0 0 1 0 1 1 0 0 0 0 1 0 0 0 1 0 1 1 0 1 0 0 0 0 0 0 0 1 0 1 1 1 0 0 1 0 0 1 1 0 0 1 1 1 0 0
 0 1 0 0 1 1 1 0 0 0 0 0 1 0 0 0 0 0 0 0 0 0 1 0 0 1 1 1 1 1 0 0 1 0 1 0 0 1 1 0 0 1 0 1 0 0 1 0 0 0 0 1 0 1 1 1 1 0 0 0 0 0 0 0 1 0 0 1 1 0 0 1 1 0 0 0 0 0 1 0 0 1 1 0 1 0 1 0 0 1 0 0 0 1 1 0 1 1 1 0
 0 1 0 0 1 0 0 1 1 1 1 0 1 0 1 1 1 1 0 0 1 1 0 1 1 0 0 0 0 0 0 0 0 0 1 0 1 1 1 1 1 0 1 1 0 1 1 0 0 1 1 0 0 0 0 0 0 0 0 0 1 1 0 1 0 0 1 1 0 0 0 0 1 1 0 0 1 1 1 0 1 1 1 0 1 0 1 1 1 0 0 0 0 1 1 0 0 0 1 1
 1 1 0 0 0 1 0 0 0 0 1 1 0 0 0 0 0 1 0 0 0 1 1 0 1 0 0 0 0 1 1 1 1 0 0 0 0 0 1 0 0 1 0 0 1 0 0 0 1 1 0 1 0 1 1 0 0 0 0 1 1 1 0 0 0 0 0 0 0 1 1 0 0 1 0 1 1 0 0 1 1 1 0 1 0 0 0 1 1 1 0 0 0 1 1 0 1 0 0 1
 1 0 0 1 1 1 0 1 0 0 0 1 0 0 0 0 0 0 1 1 1 0 0 1 1 0 0 0 1 0 0 0 1 1 1 1 1 1 0 0 0 0 0 0 0 0 1 0 0 0 1 0 0 0 1 1 0 1 1 1 1 0 0 0 1 1 0 0 1 0 0 0 0 1 0 0 0 1 0 0 1 0 0 1 0 0 1 0 0 1 1 0 0 0 1 0 0 1 1 0
 0 0 0 1 1 0 0 1 0 0 0 0 0 0 0 1 1 0 0 0 0 1 0 0 1 0 0 1 0 1 0 0 0 0 1 0 0 0 1 0 0 1 0 1 0 0 0 1 1 0 0 1 0 0 0 1 0 0 0 0 1 0 0 0 1 1 0 0 0 1 0 0 1 1 1 0 1 0 0 0 0 0 0 0 1 1 0 0 1 1 0 0 1 1 1 1 1 1 0 0
 0 0 1 1 1 1 0 0 1 0 1 1 1 1 1 1 0 0 0 1 0 0 1 1 1 0 1 0 1 0 1 0 0 1 1 0 1 0 0 0 0 0 1 0 1 0 0 1 0 1 1 0 1 0 0 0 0 1 0 0 0 1 1 1 1 0 1 0 1 0 0 0 0 0 1 0 1 0 1 0 1 0 0 1 1 0 1 0 1 1 0 1 1 0 1 1 1 0 0 0
 0 1 0 0 0 0 0 1 0 0 0 0 0 0 1 0 0 1 0 0 0 0 1 1 0 0 1 0 0 1 0 1 1 0 0 0 0 0 1 1 0 1 0 1 1 0 0 0 0 1 0 1 0 1 1 0 0 0 0 0 0 1 0 0 0 1 1 0 1 0 0 0 0 0 0 0 0 0 1 0 0 0 0 0 0 1 1 0 0 1 0 1 0 0 0 0 0 0 0 0
 0 0 1 0 0 0 1 0 1 1 0 0 0 0 0 1 0 0 0 1 0 0 1 0 0 0 1 0 0 0 1 0 0 0 1 1 1 0 0 1 1 1 0 0 0 0 0 0 0 1 0 0 1 1 0 0 1 0 0 1 0 0 0 0 1 1 1 0 0 0 1 0 0 0 0 0 1 0 1 0 0 1 0 1 0 1 1 0 1 0 0 1 1 1 0 0 0 0 0 1
 0 0 0 0 1 1 0 0 0 1 0 1 0 0 1 1 0 0 1 1 1 0 1 1 1 0 1 1 0 0 1 0 0 1 1 0 0 0 1 1 1 0 0 0 1 1 0 0 0 0 0 0 1 0 1 1 0 1 0 0 0 0 1 1 1 0 1 0 0 1 1 0 0 1 0 1 0 1 1 0 1 1 1 0 1 0 0 0 1 0 1 0 0 0 0 0 0 1 0 1
 1 1 1 0 0 1 1 0 0 0 0 0 0 0 0 1 1 1 1 1 0 1 1 0 0 0 0 1 0 1 0 0 1 0 0 1 1 1 0 1 1 0 0 0 0 1 1 0 0 1 0 1 1 1 1 1 1 1 1 1 1 0 0 1 0 0 1 0 0 1 1 1 1 1 0 0 1 1 1 1 0 1 0 1 0 0 1 0 0 0 0 0 1 0 0 1 1 0 1 0
 1 0 1 0 0 0 0 0 0 0 1 0 0 0 0 0 0 0 0 0 0 0 0 0 1 1 0 1 1 1 0 1 1 0 0 0 1 0 0 0 0 1 0 0 0 1 1 1 1 1 1 1 1 0 1 0 1 0 0 1 0 0 0 0 1 1 0 0 1 0 1 1 0 1 1 0 0 0 0 1 1 1 0 0 1 0 0 1 0 0 1 0 0 1 1 0 0 0 1 1
 0 0 0 0 0 1 1 0 1 0 0 0 1 0 0 0 0 0 1 1 1 1 1 0 0 0 0 1 0 0 0 1 0 1 0 0 0 0 0 1 1 1 0 1 0 1 0 1 0 0 1 1 0 0 0 1 0 0 0 1 1 1 0 0 0 0 0 0 1 0 0 0 1 0 0 1 1 0 1 0 0 0 1 1 0 1 0 1 1 1 0 0 0 0 0 0 1 0 1 1
 1 1 1 0 0 0 1 0 1 0 1 1 0 0 0 0 0 1 0 1 0 1 0 0 0 1 0 1 0 1 0 1 0 1 1 0 0 1 0 1 0 0 0 0 0 0 1 0 1 0 0 0 1 1 0 1 0 0 0 1 1 1 1 0 0 1 0 0 1 0 0 1 1 1 0 1 1 0 0 0 0 1 0 1 0 1 1 0 1 0 0 1 1 0 0 0 1 0 0 0
 0 1 1 0 1 0 0 1 0 0 1 0 0 0 0 0 0 0 1 1 1 0 1 0 1 1 0 1 0 0 0 0 0 1 0 0 1 0 1 0 1 0 1 0 1 0 0 0 0 0 0 1 0 0 1 1 0 0 0 0 1 0 1 0 1 0 0 0 1 1 1 1 1 0 0 0 0 0 0 0 0 1 1 0 0 1 0 0 0 1 1 1 1 1 1 1 1 1 0 1
 0 0 1 1 1 0 0 0 1 1 1 1 1 1 0 1 0 1 0 1 1 1 0 0 1 1 1 0 1 0 1 0 1 0 0 0 0 1 0 1 0 1 0 0 0 1 0 1 1 1 1 0 0 1 0 0 1 0 1 1 1 1 1 1 1 0 0 1 0 0 0 0 1 1 1 0 1 0 0 0 0 0 0 0 0 1 0 0 1 0 1 1 1 1 0 1 1 0 0 0
 0 0 0 0 1 0 0 0 0 1 0 0 1 0 0 1 0 1 0 1 0 0 0 0 0 1 0 0 0 0 1 1 1 1 0 1 1 0 1 0 0 0 0 1 0 0 1 0 1 1 1 0 0 1 0 1 0 0 0 0 0 0 0 0 0 1 0 0 0 1 0 1 1 0 0 0 0 0 1 0 1 0 1 0 0 0 1 1 1 1 1 1 0 1 1 0 1 0 1 0
 1 0 0 1 1 0 0 1 0 0 0 0 0 1 1 1 1 0 0 0 1 0 1 1 0 1 0 0 0 0 0 1 1 1 0 1 0 1 0 0 0 1 0 0 1 0 1 0 1 1 0 0 1 1 1 1 1 0 1 1 1 1 0 0 0 0 1 1 0 1 1 0 0 0 1 1 1 0 0 0 0 0 1 0 0 0 1 1 1 0 0 0 0 1 0 1 1 0 0 1
 0 1 0 0 0 1 0 0 0 0 0 0 1 0 0 0 0 0 0 0 0 0 1 0 1 0 1 0 1 0 1 1 0 0 1 1 0 0 1 0 1 0 0 0 0 1 0 0 1 1 1 0 0 0 0 0 0 0 1 0 1 1 0 0 0 0 1 0 1 0 1 0 1 0 0 0 1 0 1 0 1 1 0 1 0 1 1 0 0 0 0 0 0 1 0 0 1 1 1 0
 0 0 0 0 1 0 1 0 0 1 0 1 1 0 0 1 0 1 0 0 1 1 0 0 0 1 0 0 0 1 0 0 0 0 0 0 0 1 0 0 0 0 0 0 1 0 1 0 0 0 0 0 0 0 1 0 0 1 1 1 1 1 0 0 1 1 1 1 1 0 0 1 0 1 0 1 0 0 0 0 0 1 0 0 0 0 1 1 0 1 0 0 1 0 0 0 1 1 0 0
 1 1 0 0 0 1 1 0 1 1 0 0 0 1 1 0 1 0 1 0 1 1 0 1 1 1 0 0 1 0 1 0 0 0 0 1 0 0 0 1 0 0 0 0 0 1 0 1 0 1 0 1 0 0 0 1 0 0 0 1 0 0 1 0 0 0 1 0 0 0 1 0 0 1 0 0 0 0 1 0 1 0 1 0 0 0 0 0 0 0 0 0 1 1 1 1 0 1 0 1
 0 0 0 0 1 0 0 0 1 0 1 1 0 0 1 1 0 1 1 1 0 0 0 1 0 0 1 0 0 1 1 0 1 0 0 0 0 1 0 0 1 0 1 0 0 1 1 0 1 0 0 1 0 1 0 0 0 1 0 0 0 0 0 0 1 0 1 0 1 0 0 1 0 0 0 0 0 0 0 0 0 1 0 0 0 0 1 0 0 1 1 0 0 1 1 1 1 0 1 0
 1 0 0 0 1 1 0 0 0 1 0 0 1 0 0 0 0 1 1 1 1 0 1 1 0 1 0 0 0 0 0 0 1 1 1 1 0 0 1 0 0 1 0 1 1 0 1 1 0 1 0 1 0 1 0 1 0 0 0 1 0 0 0 1 0 0 0 1 1 0 0 0 1 1 1 0 1 0 0 1 0 0 0 0 0 0 0 0 0 0 1 1 0 0 0 0 0 0 1 0
 0 0 1 1 0 0 0 1 0 0 0 0 1 1 0 0 0 1 0 1 0 0 1 0 1 1 0 1 0 0 0 0 0 1 1 0 1 0 0 1 1 0 1 0 1 1 0 1 0 0 1 1 0 0 0 1 1 1 1 0 1 0 1 1 0 0 0 0 0 0 1 0 1 1 0 0 1 0 0 0 0 0 0 1 1 0 0 0 0 0 1 0 0 0 1 0 1 1 0 0
 0 0 0 0 0 0 1 0 0 0 0 1 0 0 0 0 1 1 1 0 0 0 0 0 0 0 0 0 1 1 0 0 0 0 1 1 0 0 1 0 0 0 0 1 0 1 1 0 1 1 0 0 0 0 0 1 0 0 0 1 0 1 0 1 0 0 0 1 0 0 1 1 1 0 0 0 0 0 0 1 0 0 1 1 0 0 0 0 1 1 1 0 0 0 0 0 1 0 0 0
 0 1 0 1 1 0 0 0 0 0 0 1 1 1 0 1 1 1 0 1 1 1 0 0 0 0 1 0 1 0 0 0 0 0 1 0 1 0 1 1 1 1 0 0 1 0 0 1 0 1 0 1 0 0 0 0 1 0 0 0 0 0 0 0 1 0 0 0 0 0 0 0 1 0 0 1 1 0 1 1 0 0 1 1 1 0 0 1 0 0 0 1 0 1 1 0 0 0 0 0
 0 0 1 1 0 1 0 0 0 0 0 0 0 1 0 0 0 1 0 1 1 0 0 0 0 1 1 0 0 1 1 1 0 1 1 0 0 0 1 1 1 1 0 1 0 1 0 1 1 0 0 0 0 0 0 0 1 0 0 1 0 0 1 1 0 0 1 0 1 0 0 1 0 1 0 1 0 1 0 0 1 0 0 0 1 1 0 0 0 0 0 0 0 0 0 0 0 0 0 0
 1 0 0 0 1 1 1 0 0 0 0 1 1 0 1 1 0 1 1 1 1 0 0 0 0 1 0 1 0 1 0 0 0 0 1 1 0 0 1 1 0 1 0 0 0 0 1 0 0 0 0 1 1 0 1 0 1 0 1 0 0 0 0 0 0 0 0 0 1 1 0 1 0 1 0 0 0 0 0 0 0 0 0 1 1 0 1 1 0 1 1 0 1 0 0 0 1 1 1 0
 0 0 0 0 0 0 0 1 1 1 1 0 1 1 0 1 0 1 0 0 1 0 0 0 1 0 1 0 1 0 1 0 0 1 1 1 0 1 0 0 0 0 0 1 1 1 1 0 1 0 1 0 0 0 1 0 0 0 0 1 1 0 0 1 0 0 0 0 0 0 0 0 0 0 0 0 0 0 0 0 0 1 1 0 1 1 0 1 1 1 0 1 1 0 1 1 0 1 0 0
 0 0 1 0 0 0 0 1 1 1 0 1 0 0 0 1 0 0 0 0 1 1 1 0 0 0 0 0 0 1 0 1 1 1 1 0 1 0 0 0 1 0 0 0 0 0 0 0 0 0 1 0 0 0 1 0 1 1 0 0 0 0 0 0 1 1 1 1 0 0 0 0 0 0 1 1 0 0 0 0 0 0 0 1 1 0 0 0 0 0 0 1 1 0 0 1 0 0 1 1
 0 0 0 0 1 1 0 0 0 1 0 1 0 0 0 0 1 0 1 1 0 0 0 0 1 0 1 0 0 0 1 1 0 1 0 0 1 0 1 1 1 0 0 0 1 1 0 0 0 0 0 0 0 0 0 0 0 0 1 1 0 0 0 0 0 1 0 0 0 0 1 0 1 0 0 1 1 1 1 0 0 1 0 1 0 0 1 1 0 0 0 1 0 1 0 0 0 1 0 1
 0 0 0 0 1 0 0 0 0 1 1 0 1 1 0 1 0 0 0 0 0 0 0 0 1 0 1 1 0 0 1 0 1 1 1 0 0 1 0 0 1 0 1 0 0 0 0 0 0 0 1 1 1 0 0 1 0 0 1 1 0 1 1 0 1 1 1 0 0 0 1 1 0 0 1 1 0 1 0 0 0 1 0 0 1 0 1 0 0 1 0 0 1 0 1 0 1 0 0 1
 0 1 0 1 1 0 1 0 1 0 0 0 1 0 0 0 1 0 0 1 1 1 0 0 1 0 0 1 1 0 0 0 1 1 0 1 1 1 0 1 1 0 0 1 0 1 1 1 0 0 0 0 0 0 1 0 0 0 0 1 0 1 1 0 1 1 0 1 1 0 1 0 0 0 1 0 1 0 1 0 0 1 1 1 1 1 0 0 0 1 1 0 0 0 0 0 1 0 1 0
 0 0 0 1 0 1 1 1 0 0 0 1 0 0 0 1 1 1 0 1 0 0 1 1 1 0 0 0 0 0 0 1 0 1 1 0 0 0 1 0 1 0 0 0 0 0 1 0 1 1 1 0 1 0 0 0 0 1 1 1 0 0 1 0 0 1 1 0 0 0 0 0 0 0 1 1 1 0 1 1 1 0 0 0 0 0 1 1 1 0 0 0 0 1 0 0 0 0 0 1
 1 0 1 0 0 0 0 0 0 0 1 0 0 1 0 0 0 0 1 1 1 0 1 0 0 0 0 1 0 1 0 0 1 1 0 0 0 0 0 0 0 0 1 0 1 0 1 0 0 0 0 0 1 0 0 0 1 0 0 0 0 1 0 1 1 1 1 1 0 0 0 0 0 1 0 0 1 0 0 1 0 0 1 1 0 1 0 0 0 0 1 1 1 1 0 1 0 0 1 0
 0 1 0 0 0 1 0 0 0 1 1 1 0 0 0 0 0 0 0 1 0 1 1 1 0 0 0 1 0 0 0 0 0 1 0 0 0 0 1 0 1 1 1 0 0 0 1 0 0 0 1 0 0 1 1 0 1 0 0 0 1 0 1 0 0 0 0 1 1 0 0 1 0 1 1 1 0 0 1 1 0 1 0 0 0 1 1 0 1 0 0 1 0 0 1 1 0 1 0 0
 1 0 1 0 0 0 0 1 1 1 0 1 0 1 0 1 1 1 0 0 1 0 1 1 0 0 1 1 0 0 0 1 0 1 1 1 1 0 1 0 1 0 1 1 0 1 0 1 0 1 0 1 0 1 1 1 1 0 0 0 0 1 1 0 0 0 0 1 1 0 1 1 0 0 1 0 0 0 1 1 0 1 1 0 0 0 1 1 0 0 0 1 1 1 1 1 1 1 1 0
 1 0 0 0 0 1 0 0 0 0 0 1 0 0 1 0 0 0 0 0 0 0 0 0 0 1 1 1 1 0 0 0 0 1 0 1 1 1 1 0 1 1 1 0 0 0 1 0 0 0 0 1 0 0 0 0 0 0 1 0 0 1 1 1 0 1 0 0 1 0 1 1 0 0 1 0 0 0 1 1 1 0 1 1 1 0 1 0 0 1 0 1 0 1 0 0 1 0 1 1
 0 1 0 0 0 1 1 0 0 1 0 0 0 0 0 0 0 1 0 1 0 0 1 0 0 1 1 0 0 1 1 0 0 0 0 1 1 0 1 0 1 1 1 0 0 0 0 1 0 0 0 0 0 0 1 1 0 1 0 1 1 0 1 1 0 1 1 0 1 0 0 0 0 0 0 0 0 1 0 1 0 0 1 0 0 0 1 1 1 0 0 1 1 0 1 0 1 0 0 0
 0 1 0 0 1 1 1 0 0 0 1 0 0 1 0 0 0 1 0 1 0 0 1 0 0 0 0 0 0 1 0 0 1 0 0 0 1 1 1 0 0 0 0 1 0 0 1 0 0 1 0 0 0 0 1 1 1 0 1 1 1 1 0 0 1 1 1 0 1 0 0 0 0 0 1 1 1 0 1 1 1 0 1 1 0 0 0 1 1 1 1 0 0 0 0 1 0 1 1 0
 0 0 1 0 1 1 0 0 0 1 1 0 1 1 0 1 0 0 0 0 1 0 0 0 0 1 0 0 0 1 0 0 1 1 0 0 0 0 1 0 0 0 0 0 0 1 1 1 0 1 0 1 0 0 0 0 0 1 0 0 1 1 0 0 0 1 0 0 0 0 0 0 0 1 0 0 0 1 0 1 0 1 0 0 1 1 0 1 0 1 1 1 1 0 1 0 1 0 1 0
 1 1 1 0 1 0 1 1 0 1 1 0 1 1 1 1 0 0 0 0 1 0 0 1 1 0 0 1 1 1 0 1 1 0 1 0 0 1 1 0 0 0 1 0 1 0 0 0 1 0 0 0 1 0 1 1 0 1 0 0 0 0 1 0 0 1 0 0 0 0 0 0 0 1 1 0 0 0 0 0 1 0 1 0 1 0 0 0 0 0 0 0 1 0 0 0 0 0 0 1
 0 0 1 1 0 0 1 0 0 1 1 0 0 1 0 0 1 1 0 0 0 0 0 0 0 0 0 1 1 0 1 1 0 0 1 0 1 0 0 1 0 0 1 0 0 0 0 0 0 0 0 0 1 1 1 1 1 1 0 0 1 1 1 1 1 0 0 1 0 1 1 0 1 0 1 0 0 0 1 0 0 1 1 0 1 0 1 0 0 0 0 1 0 1 1 0 1 1 0 1
 1 0 0 1 0 0 0 0 0 1 0 1 1 1 1 1 0 0 0 1 0 0 0 0 0 1 0 0 0 1 1 1 1 1 0 0 0 0 0 0 1 1 1 1 1 0 0 0 0 1 0 0 1 0 1 0 1 1 0 0 0 1 1 0 0 0 0 1 1 1 0 0 1 0 0 1 1 0 0 0 0 0 0 1 1 1 0 1 1 0 0 0 0 1 0 1 1 0 1 0
 1 0 0 1 0 0 0 1 1 1 0 1 0 0 1 0 0 1 0 0 1 0 1 0 1 1 0 0 0 0 0 0 0 0 0 0 0 0 1 0 1 0 1 0 0 1 0 1 0 0 0 0 1 0 0 1 0 1 1 1 0 0 0 0 0 1 1 0 0 1 0 1 0 1 1 0 0 1 0 1 0 0 0 1 0 1 0 1 0 1 0 0 0 0 0 1 0 1 1 1
 0 1 0 0 0 0 0 1 0 0 1 1 1 0 0 0 0 0 1 0 1 1 0 1 1 0 0 1 0 1 1 0 0 0 1 1 1 1 0 0 0 1 1 0 1 1 0 0 0 1 1 0 0 0 0 1 0 0 1 1 1 1 1 0 0 0 1 0 0 0 1 0 1 0 0 0 0 1 1 0 1 0 1 0 0 1 1 0 0 0 0 0 0 1 1 0 1 0 0 1
 1 0 1 0 1 0 0 0 1 0 0 0 0 0 0 0 0 0 0 0 1 0 0 0 0 0 1 0 1 0 0 0 1 1 0 0 0 1 0 1 1 0 0 0 0 0 0 0 0 0 1 0 0 0 0 0 0 0 0 0 0 0 0 0 0 1 1 1 0 0 0 1 0 0 1 1 1 1 1 1 0 0 0 0 1 0 0 0 1 1 1 0 1 0 0 1 1 1 1 0
 0 1 0 0 1 0 1 0 0 0 0 1 1 1 0 0 0 1 1 1 0 0 0 1 0 0 1 0 0 0 0 1 1 1 1 0 0 1 0 0 1 1 0 1 0 0 1 1 0 0 0 0 0 1 1 1 0 0 0 1 1 0 0 0 0 1 0 0 1 0 0 1 1 1 0 1 1 0 0 0 1 1 1 0 0 0 0 0 1 0 0 0 0 1 1 0 1 1 1 0
 0 1 0 1 1 1 1 0 0 0 0 0 1 0 0 0 0 1 0 0 1 1 0 1 1 0 0 0 0 0 0 0 0 1 1 0 1 1 0 1 0 0 1 0 1 0 0 1 0 1 1 0 0 0 1 0 0 0 1 1 1 0 0 0 0 0 0 1 0 1 1 0 1 1 0 0 0 1 0 0 0 1 0 0 0 1 1 0 1 0 0 1 1 1 0 1 1 1 0 0
 0 0 1 1 0 1 1 0 1 0 0 1 0 0 0 0 1 0 0 1 1 0 1 0 1 1 0 0 1 0 0 0 0 1 0 1 1 1 1 1 0 1 0 0 0 1 1 1 1 0 0 0 0 1 0 0 0 0 0 0 0 0 0 0 0 1 1 0 1 0 1 1 0 1 1 0 1 1 1 0 0 0 1 1 0 0 0 1 1 1 0 0 0 0 0 1 1 1 1 1
 1 1 0 0 0 1 0 0 1 0 0 0 0 0 0 1 0 0 0 1 1 1 1 1 0 1 1 1 1 0 0 0 1 1 1 0 1 0 1 0 0 0 1 1 0 1 1 0 0 1 1 0 0 0 0 0 0 1 1 0 0 0 0 1 1 0 0 1 0 0 1 1 1 0 0 1 0 0 1 0 0 1 1 0 0 1 0 1 0 1 1 0 0 0 1 1 1 1 0 1
 0 0 1 0 0 0 0 0 1 0 0 0 0 0 0 1 1 0 0 0 1 1 0 0 0 0 0 0 1 1 0 0 0 0 1 0 0 0 1 0 1 0 0 0 0 1 0 0 0 0 0 0 1 0 1 1 1 0 1 1 1 0 1 0 1 1 0 1 0 1 0 0 1 0 0 1 0 0 1 1 1 0 0 1 1 0 1 1 0 0 0 0 0 0 1 0 0 1 0 0
 0 1 1 1 1 1 0 0 1 0 0 0 1 0 0 1 0 1 0 0 1 0 0 0 0 0 1 0 0 0 0 0 1 0 0 1 1 0 0 0 1 0 1 0 0 0 0 0 1 1 0 0 1 1 1 0 1 0 1 0 0 0 1 0 0 0 1 0 0 1 1 0 0 1 1 0 1 0 0 0 0 1 1 0 0 1 1 0 1 1 1 1 0 0 1 1 0 0 1 0
 1 0 0 1 1 0 1 1 1 0 1 0 1 0 0 0 0 1 1 1 0 0 1 0 0 1 1 0 1 1 0 1 0 1 0 1 1 0 1 0 1 1 0 0 0 1 1 0 1 0 0 0 0 1 0 1 1 1 0 0 0 0 1 0 0 0 1 0 0 1 1 0 1 0 0 1 0 1 0 0 1 0 1 1 0 1 0 0 1 0 0 0 0 1 0 1 1 1 1 1
 0 0 0 1 0 0 0 0 1 0 0 0 0 0 0 0 0 1 0 0 0 1 1 0 0 1 0 1 0 0 0 0 1 1 0 0 0 0 0 0 0 0 0 0 0 0 0 0 0 1 0 0 0 1 1 0 0 0 0 0 0 1 0 1 0 0 0 1 1 1 0 1 1 0 0 0 1 0 1 0 0 0 0 0 0 1 0 0 1 1 0 1 0 1 0 0 0 1 0 1
 1 1 0 1 0 1 0 1 0 1 0 0 0 0 1 1 1 0 0 1 0 0 0 0 1 1 0 0 0 1 1 1 1 1 0 1 0 0 0 1 0 1 0 1 0 0 0 0 1 0 0 0 0 1 0 1 1 0 1 1 1 0 1 0 0 1 0 0 1 1 0 0 1 1 1 0 0 1 0 0 1 0 1 1 0 0 0 1 0 0 1 0 0 0 1 0 1 0 0 0
 0 0 0 1 1 0 0 0 0 1 1 1 0 0 0 1 0 1 0 0 0 0 1 0 0 0 1 0 0 0 0 0 0 1 1 0 0 0 0 0 0 0 0 0 0 1 0 1 1 0 0 0 0 0 0 0 1 1 1 1 1 1 1 1 0 0 0 1 0 1 0 0 0 0 1 0 0 0 0 0 0 0 0 0 1 1 1 0 0 1 0 0 1 0 0 1 0 0 1 0
 1 1 0 1 0 1 0 1 0 1 0 1 1 0 0 0 0 1 1 1 0 0 0 0 0 1 1 1 0 1 0 0 1 0 1 0 0 0 0 1 0 1 0 1 0 0 0 0 0 1 0 0 0 0 0 0 1 0 0 0 1 0 1 0 1 0 0 0 1 0 1 0 0 0 1 0 1 0 1 0 0 0 0 1 0 0 0 0 0 1 1 0 1 1 0 1 1 0 1 0
 0 1 1 0 0 0 1 1 0 0 0 0 0 0 0 1 0 0 1 0 1 0 0 1 1 1 1 0 0 0 0 1 1 1 1 0 1 1 0 0 0 1 1 0 1 0 0 0 0 0 0 1 0 1 1 1 0 0 1 1 0 0 0 1 0 1 0 0 0 0 1 1 0 1 0 1 0 0 0 0 0 0 0 1 0 1 0 0 1 0 0 1 1 1 0 1 1 0 0 1
 0 1 0 1 0 0 0 0 0 0 0 0 1 1 1 0 1 0 0 0 0 1 0 0 1 1 0 0 0 0 0 0 1 0 0 1 0 1 0 1 1 0 0 1 0 0 0 1 1 0 0 1 0 0 0 1 0 1 0 1 1 1 1 0 1 1 0 0 1 0 1 0 1 1 0 1 1 0 1 0 0 0 0 1 0 1 1 1 1 0 0 1 1 0 1 0 1 1 0 0
 0 1 1 1 0 1 1 1 0 0 1 1 0 1 1 0 0 0 0 1 1 1 1 1 0 0 1 1 0 1 0 1 0 1 0 1 1 0 0 0 0 1 0 0 0 0 1 1 1 0 1 0 1 1 0 1 0 1 0 0 1 0 1 0 0 0 1 1 0 0 0 0 1 0 1 0 1 0 1 0 1 1 1 0 0 1 1 1 0 0 0 1 0 0 1 0 1 0 0 1
 0 0 0 0 0 1 1 1 0 1 0 1 0 1 0 1 1 0 0 0 0 0 1 1 1 1 0 0 1 1 0 0 1 0 1 0 0 0 0 0 0 0 0 0 0 0 1 0 1 1 1 1 1 0 1 1 0 0 0 0 1 0 0 1 1 1 1 0 0 1 0 0 0 0 1 0 0 0 0 1 0 0 0 0 0 0 0 1 0 1 1 0 0 0 0 0 0 1 1 0
 0 0 1 0 1 0 1 0 0 1 0 1 1 0 1 0 1 1 1 0 1 1 1 1 0 0 0 0 1 0 1 1 0 0 0 1 1 1 1 0 0 1 0 0 0 0 0 0 0 1 0 1 0 0 0 1 0 1 1 0 0 0 0 1 0 0 1 1 1 0 0 1 0 1 0 1 1 1 0 1 0 1 1 1 0 0 0 1 1 1 1 1 1 1 0 0 0 1 1 1
 1 1 1 0 0 0 0 1 0 0 0 0 0 1 0 1 0 0 0 0 1 0 0 0 1 1 0 1 0 1 1 1 0 1 0 0 1 0 0 1 1 1 1 0 1 0 0 0 0 0 1 0 0 1 1 0 1 0 1 1 1 1 0 0 0 1 0 0 1 0 0 1 0 0 1 1 0 0 0 1 0 0 1 1 0 0 0 1 1 0 0 0 1 1 1 0 0 0 1 0
 0 1 0 0 1 0 0 0 0 1 1 1 0 0 0 0 1 1 0 1 1 1 0 0 0 1 1 0 0 0 0 0 0 0 1 1 0 0 0 1 1 0 1 0 0 0 0 0 1 0 1 1 0 1 0 0 1 0 0 1 0 1 1 1 0 0 1 1 0 0 0 0 1 1 1 0 0 0 1 0 0 0 1 1 1 1 1 0 1 0 0 0 0 1 1 0 0 0 1 1
 0 1 0 0 1 1 0 0 0 0 1 1 0 1 0 0 0 0 1 1 0 0 0 1 0 1 1 0 1 1 0 1 1 0 0 1 1 0 1 1 1 0 0 0 0 0 0 1 0 0 0 1 0 0 0 0 1 0 1 0 0 1 1 0 0 0 1 0 0 1 1 1 1 0 0 1 1 1 0 0 0 1 1 0 0 1 1 1 0 0 0 0 0 0 0 1 0 0 0 1
 0 1 1 0 1 0 0 1 0 0 0 0 1 0 1 0 1 0 1 1 0 0 0 0 1 0 1 1 1 1 1 0 0 0 0 1 0 1 0 1 0 0 1 0 1 0 0 1 0 0 1 1 0 0 1 1 0 0 0 0 1 0 1 1 0 0 0 1 0 1 0 0 1 1 0 1 0 1 0 1 1 0 0 0 1 1 0 0 0 0 0 0 1 1 0 0 1 1 1 1
 0 0 1 0 0 0 0 1 1 0 1 0 0 0 1 0 1 0 0 1 1 1 1 0 0 0 0 1 0 0 0 0 1 0 1 0 0 1 1 1 0 0 0 0 1 1 1 1 0 0 1 0 0 0 0 1 0 1 0 0 0 0 1 1 0 0 0 0 0 1 0 0 0 1 0 1 0 0 1 0 1 0 0 0 1 1 0 0 0 0 0 1 0 0 1 0 1 1 0 1
 0 1 0 0 0 0 0 1 0 1 0 1 1 1 1 1 1 0 1 0 1 1 0 1 0 0 0 0 0 1 1 1 0 0 0 0 1 1 1 1 0 0 0 0 0 1 0 0 1 0 0 1 1 1 0 0 0 1 1 1 1 1 0 1 0 1 0 0 0 0 0 1 0 0 0 1 0 1 0 0 0 1 1 1 0 1 0 0 0 0 1 0 0 0 0 1 1 0 1 0
 0 0 0 1 0 1 0 1 0 0 1 0 1 0 1 0 0 1 1 1 0 0 1 1 0 0 0 0 1 1 0 1 0 1 0 0 1 1 1 0 0 0 1 1 0 0 0 0 0 0 1 1 1 0 1 0 0 1 0 1 0 1 0 1 1 0 0 0 0 1 0 1 0 0 0 0 0 0 0 1 1 1 1 0 0 1 1 0 0 1 0 0 0 0 0 1 0 0 1 1
 0 0 1 0 1 0 0 1 0 1 1 1 1 0 0 0 0 1 0 0 0 0 0 0 1 1 1 0 1 0 0 1 0 0 1 0 0 1 1 1 1 1 0 1 1 0 0 0 1 0 0 0 0 1 0 0 1 1 0 1 1 0 0 0 0 1 1 0 1 0 1 1 0 0 0 0 1 1 0 0 1 1 0 0 0 1 1 1 0 1 0 0 0 0 0 0 1 0 0 0
 0 0 0 0 0 0 1 0 0 1 0 0 0 1 1 0 0 1 0 1 0 0 0 0 1 1 1 1 1 1 0 0 0 0 1 0 0 1 0 1 0 0 0 1 1 0 1 0 1 0 0 1 0 0 1 0 0 0 1 1 0 1 0 1 0 1 0 0 1 0 1 0 0 1 1 1 0 0 1 0 0 0 1 1 0 0 1 1 0 0 1 0 0 0 0 0 0 1 1 1
 0 1 1 1 1 0 0 0 1 0 0 1 1 1 0 0 0 0 1 1 0 1 1 1 0 0 0 0 1 1 0 0 0 1 0 0 0 1 1 0 1 0 0 1 1 0 0 0 0 0 0 1 1 0 0 0 0 1 1 1 0 0 1 0 0 0 1 1 0 1 0 1 1 1 0 1 1 0 0 1 1 1 0 0 0 0 0 0 1 0 0 1 1 0 0 0 1 1 0 0
 1 0 1 1 1 1 1 0 0 0 0 0 1 1 0 0 0 0 1 0 1 0 1 1 1 0 1 0 1 1 0 0 0 1 0 1 1 1 1 1 1 1 1 0 1 0 1 1 0 0 1 0 0 0 1 1 0 0 0 1 1 1 0 1 0 1 1 0 1 1 1 1 1 1 0 0 1 0 1 0 1 1 1 1 0 0 0 0 0 1 1 1 0 1 0 1 0 0 1 0
 0 0 1 0 0 0 1 1 0 0 0 0 1 1 0 1 1 0 0 0 0 0 1 1 1 0 0 1 1 0 0 0 1 0 0 0 0 1 0 0 0 1 1 1 0 0 1 0 0 0 1 1 0 1 0 0 0 0 1 1 0 0 1 0 0 1 0 1 0 1 1 1 1 1 1 0 1 1 0 0 0 0 1 0 1 1 0 0 0 1 1 0 0 0 1 1 0 0 0 0
 1 0 1 1 1 0 0 1 1 1 0 0 1 0 1 1 1 0 0 1 0 0 0 0 1 1 0 1 0 0 0 0 0 1 1 1 0 0 0 1 0 1 0 0 1 1 0 0 0 0 1 0 1 0 0 1 0 1 0 1 1 0 1 1 0 0 1 1 0 1 1 0 1 0 0 1 1 0 0 1 1 0 0 0 1 1 1 1 0 1 0 1 1 0 1 0 1 0 0 1
 0 1 0 0 0 1 1 1 1 0 1 0 1 0 0 0 1 0 1 1 0 0 0 0 0 1 1 0 0 0 0 1 1 0 1 1 0 1 0 0 1 0 0 1 0 0 0 0 0 0 0 0 1 1 1 0 1 0 0 0 1 0 0 0 1 1 0 1 1 0 0 0 1 1 0 0 1 1 0 0 0 1 0 1 0 1 0 1 1 1 1 0 1 0 1 0 0 0 1 0
