20
  117   72  101   69   29   79   39  108   42   66  108  108  101   53  118   99   94   48   40   94
 0 0 1 0 0 1 0 1 0 0 0 0 1 0 0 0 1 1 1 1
 0 0 0 0 0 0 1 0 1 0 0 0 0 0 0 1 0 1 0 0
 1 0 0 1 0 0 0 0 0 0 1 0 0 0 0 0 0 0 1 0
 0 0 1 0 1 0 1 1 1 0 0 0 1 1 0 1 0 1 1 0
 0 0 0 1 0 0 0 0 1 1 0 1 0 0 0 0 0 0 0 0
 1 0 0 0 0 0 0 1 1 1 1 0 0 0 0 1 0 0 0 0
 0 1 0 1 0 0 0 0 0 0 0 1 0 0 1 0 0 1 0 0
 1 0 0 1 0 1 0 0 1 0 0 0 0 1 1 0 0 0 0 0
 0 1 0 1 1 1 0 1 0 0 0 0 0 0 0 0 0 1 0 0
 0 0 0 0 1 1 0 0 0 0 0 0 1 1 0 0 0 0 1 0
 0 0 1 0 0 1 0 0 0 0 0 1 0 0 0 0 0 1 0 1
 0 0 0 0 1 0 1 0 0 0 1 0 1 1 0 0 0 0 0 1
 1 0 0 1 0 0 0 0 0 1 0 1 0 0 0 0 0 0 1 0
 0 0 0 1 0 0 0 1 0 1 0 1 0 0 0 0 0 0 0 0
 0 0 0 0 0 0 1 1 0 0 0 0 0 0 0 0 0 1 1 1
 0 1 0 1 0 1 0 0 0 0 0 0 0 0 0 0 1 1 0 1
 1 0 0 0 0 0 0 0 0 0 0 0 0 0 0 1 0 1 0 1
 1 1 0 1 0 0 1 0 1 0 1 0 0 0 1 1 1 0 1 1
 1 0 1 1 0 0 0 0 0 1 0 0 1 0 1 0 0 1 0 1
 1 0 0 0 0 0 0 0 0 0 1 1 0 0 1 1 1 1 1 0
