20
   92  107   20   28  118   31   86   56   76   85   84  101   89  116   78  105   74   48   27  105
 0 0 0 0 1 1 0 0 0 0 1 1 0 0 1 0 0 0 0 0
 0 0 1 0 1 0 0 1 1 1 1 0 0 0 1 0 0 0 0 1
 0 1 0 1 0 0 0 0 0 1 0 0 0 0 0 1 0 1 0 1
 0 0 1 0 0 0 0 0 0 0 1 1 0 0 0 0 0 0 0 0
 1 1 0 0 0 0 1 0 1 0 0 1 1 0 0 0 0 1 1 0
 1 0 0 0 0 0 1 0 1 0 1 0 0 1 0 0 0 0 1 0
 0 0 0 0 1 1 0 0 0 1 0 0 1 0 0 0 0 0 0 1
 0 1 0 0 0 0 0 0 0 1 0 1 1 0 0 0 1 0 1 0
 0 1 0 0 1 1 0 0 0 0 0 0 0 0 1 0 1 0 0 1
 0 1 1 0 0 0 1 1 0 0 0 0 1 1 1 0 0 0 1 1
 1 1 0 1 0 1 0 0 0 0 0 0 0 0 0 1 1 0 0 1
 1 0 0 1 1 0 0 1 0 0 0 0 0 0 0 1 0 1 1 0
 0 0 0 0 1 0 1 1 0 1 0 0 0 0 0 0 0 0 1 0
 0 0 0 0 0 1 0 0 0 1 0 0 0 0 1 0 0 0 1 0
 1 1 0 0 0 0 0 0 1 1 0 0 0 1 0 0 1 0 0 0
 0 0 1 0 0 0 0 0 0 0 1 1 0 0 0 0 0 0 0 1
 0 0 0 0 0 0 0 1 1 0 1 0 0 0 1 0 0 0 1 0
 0 0 1 0 1 0 0 0 0 0 0 1 0 0 0 0 0 0 1 0
 0 0 0 0 1 1 0 1 0 1 0 1 1 1 0 0 1 1 0 0
 0 1 1 0 0 0 1 0 1 1 1 0 0 0 0 1 0 0 0 0
