100
   63   38   43   84   45   48  103  119   79   37  115   25   38   68   39  115   87   28   37  112  101   95   74   78   76   97   79  113   32  113   99   35   97   33   23   55   27   21   99   47   52  100   67   58   22  105   30   77   98   88   23  117   39   41   30   73   78   68   21  116   68   58   52   69  102   95   38   29   80   63   51  116   65   20   38   38   25   83   40   57  107   89   36   91   59   51   41  103   82   78   41  110   99   27  104   20   32  114   81  108
 0 0 1 1 0 0 0 1 0 1 0 1 1 0 1 0 0 1 1 0 1 1 0 0 1 1 1 0 1 1 0 0 0 0 1 1 0 1 0 0 0 0 0 1 1 0 0 0 0 0 0 0 0 0 1 0 0 0 0 0 1 1 1 0 0 0 0 1 1 1 1 1 0 0 1 0 0 0 1 1 1 0 0 1 0 0 1 0 1 1 0 1 1 0 0 0 0 1 0 0
 0 0 0 1 0 1 1 0 0 0 1 0 0 1 1 0 0 0 0 0 0 0 1 1 0 0 0 0 1 0 0 1 0 1 0 0 0 1 0 1 0 0 1 0 0 1 0 1 0 1 0 0 1 0 0 0 1 0 0 0 0 1 1 0 0 0 1 0 1 0 0 1 0 0 0 1 0 1 0 0 1 1 0 1 1 1 0 0 1 1 1 0 1 0 0 0 1 0 0 0
 1 0 0 0 1 0 1 0 1 1 1 0 0 1 0 0 1 0 0 0 1 1 1 1 0 0 1 1 0 0 0 1 0 0 0 0 0 0 0 0 0 0 0 0 1 1 0 0 0 1 1 1 0 1 0 0 0 0 1 0 0 1 0 0 1 1 0 1 1 1 1 1 0 1 0 1 0 0 1 0 0 0 0 0 1 0 1 0 0 0 1 1 0 1 0 0 0 0 1 0
 1 1 0 0 0 0 0 1 0 0 1 1 0 0 1 0 1 0 0 0 0 1 0 0 0 1 1 0 1 1 1 1 1 0 1 1 1 0 0 0 1 0 1 1 0 0 0 1 0 0 0 0 0 0 0 0 0 1 0 0 1 0 0 1 0 1 0 0 1 0 0 1 0 0 1 0 1 1 0 1 1 0 0 1 0 0 0 0 0 0 1 0 1 1 1 1 1 0 0 1
 0 0 1 0 0 1 1 0 1 0 0 1 0 0 1 1 1 1 0 0 0 0 0 1 1 0 0 0 0 1 0 0 0 0 0 0 0 1 0 0 1 1 1 0 0 0 0 0 0 1 0 1 0 0 1 0 0 0 0 1 0 0 0 0 1 0 1 0 1 0 0 1 1 1 1 0 0 1 0 1 0 1 0 0 0 1 1 0 0 0 1 1 0 0 1 1 0 0 0 0
 0 1 0 0 1 0 1 0 0 1 0 0 0 0 1 0 0 0 0 1 0 1 0 0 0 0 1 0 0 1 1 0 1 1 0 1 0 1 0 0 0 0 0 0 0 0 1 1 0 1 0 0 0 0 0 1 0 1 1 0 1 0 0 1 1 0 0 0 1 1 0 0 1 0 1 1 1 0 0 0 0 0 0 0 1 1 1 1 1 0 0 0 0 1 1 0 1 0 1 0
 0 1 1 0 1 1 0 0 0 1 0 0 1 1 0 0 0 1 0 1 1 1 1 1 0 1 1 0 0 0 1 1 0 0 0 0 1 1 0 0 0 1 0 0 0 1 0 0 1 0 0 1 0 1 0 1 0 0 1 1 0 0 0 0 0 1 0 1 1 0 0 0 1 0 1 0 0 0 0 0 0 0 1 1 0 0 0 0 1 1 0 0 1 1 1 0 1 1 0 0
 1 0 0 1 0 0 0 0 1 0 0 1 0 1 1 1 0 0 0 0 1 1 0 0 1 0 1 0 0 0 1 0 1 1 0 0 0 1 0 1 0 0 1 0 0 0 0 0 1 0 0 1 0 0 1 1 0 0 1 1 0 0 0 1 0 0 1 0 0 0 1 1 0 0 1 1 0 0 0 1 0 0 0 0 1 1 0 0 1 0 0 0 0 0 0 1 0 0 0 0
 0 0 1 0 1 0 0 1 0 0 0 0 0 0 1 0 1 0 0 1 0 0 0 1 0 0 0 0 0 1 0 1 0 0 0 1 0 0 1 1 1 0 0 1 0 1 1 1 1 0 1 1 0 0 1 0 0 1 0 0 0 0 1 0 0 0 0 0 0 1 0 0 1 0 0 1 1 1 0 0 1 1 0 0 0 1 0 0 0 0 1 1 0 0 1 1 1 0 0 0
 1 0 1 0 0 1 1 0 0 0 0 1 0 0 0 0 0 0 0 0 0 0 1 0 0 0 0 1 0 0 0 1 0 1 0 1 0 0 1 0 1 1 0 1 0 0 1 1 0 0 0 0 1 0 0 1 0 0 1 0 1 0 1 1 0 0 0 0 1 0 0 0 0 0 0 1 1 0 0 0 1 0 0 0 0 0 1 1 0 0 0 0 0 0 0 0 1 1 0 0
 0 1 1 1 0 0 0 0 0 0 0 1 1 1 0 0 0 0 1 0 0 0 0 0 1 1 1 0 0 0 0 0 1 1 0 0 1 0 1 0 0 0 0 1 0 1 0 0 1 0 0 1 1 1 1 0 1 0 0 1 0 1 0 0 0 1 0 1 0 0 1 1 0 1 0 0 0 0 1 0 1 1 0 1 0 0 0 1 0 1 0 1 0 0 1 0 1 1 0 0
 1 0 0 1 1 0 0 1 0 1 1 0 1 1 1 0 1 1 0 1 0 0 1 0 0 1 0 0 0 0 0 0 0 1 0 1 0 0 1 0 0 0 0 1 1 0 1 0 1 0 0 0 0 0 1 1 0 0 1 1 1 0 1 0 1 0 1 0 1 1 1 1 1 0 0 1 0 0 0 0 1 1 1 1 1 0 1 1 0 1 0 0 0 0 1 0 0 1 0 0
 1 0 0 0 0 0 1 0 0 0 1 1 0 0 0 0 0 1 1 0 0 1 0 1 1 1 0 0 1 0 0 1 0 1 0 0 0 0 1 0 0 1 1 1 1 0 1 0 0 1 1 0 0 1 1 1 0 0 1 1 0 0 0 1 0 0 1 1 0 1 0 0 1 0 1 1 1 1 1 0 1 1 1 0 1 1 1 1 1 1 0 1 0 0 1 1 1 1 1 1
 0 1 1 0 0 0 1 1 0 0 1 1 0 0 1 1 1 1 1 0 0 0 1 0 0 0 0 0 0 1 0 0 0 1 0 0 1 1 0 1 1 0 0 0 0 0 1 0 0 0 0 1 0 0 0 0 0 0 0 0 1 0 0 0 0 0 0 1 0 1 0 0 0 0 1 0 0 0 0 0 1 0 1 0 0 0 1 1 1 1 1 0 0 0 0 0 1 0 0 0
 1 1 0 1 1 1 0 1 1 0 0 1 0 1 0 1 1 0 1 0 0 1 0 0 1 1 1 1 1 0 0 1 1 0 1 1 1 0 0 0 1 0 1 1 0 0 1 1 1 0 1 0 1 0 1 0 1 0 0 0 1 0 0 0 1 0 1 0 1 0 0 1 0 1 1 1 1 0 0 0 0 1 1 0 0 1 0 0 1 1 1 0 0 1 0 0 0 1 1 1
 0 0 0 0 1 0 0 1 0 0 0 0 0 1 1 0 0 0 0 1 0 0 0 0 0 1 0 1 0 0 0 0 0 0 1 1 0 1 0 1 0 0 1 1 0 1 1 1 1 0 1 0 0 0 0 0 0 0 0 1 1 0 0 0 1 0 0 0 0 1 0 1 0 1 0 0 1 0 0 0 0 0 1 0 0 0 0 1 1 0 1 1 0 0 1 0 0 1 0 0
 0 0 1 1 1 0 0 0 1 0 0 1 0 1 1 0 0 0 1 0 0 1 1 1 0 0 0 1 1 1 1 0 0 1 0 0 0 0 1 0 1 1 0 1 1 0 1 0 0 1 0 1 0 0 1 0 1 0 0 1 0 1 0 0 0 0 1 0 0 0 1 0 0 1 0 0 0 1 0 1 0 0 1 0 0 0 0 0 1 1 0 0 1 0 0 1 0 0 0 0
 1 0 0 0 1 0 1 0 0 0 0 1 1 1 0 0 0 0 0 1 0 0 1 0 1 0 1 0 1 0 0 1 0 0 0 0 1 0 0 1 0 1 1 1 1 1 0 0 0 1 1 1 0 1 1 1 0 0 1 0 0 0 0 1 1 0 0 0 0 0 0 1 0 0 1 1 0 1 1 1 1 0 1 0 0 0 0 0 0 0 1 0 1 0 0 0 1 0 0 1
 1 0 0 0 0 0 0 0 0 0 1 0 1 1 1 0 1 0 0 1 0 1 1 1 0 1 1 1 1 1 1 0 0 0 0 1 0 1 0 0 0 0 1 1 1 1 0 1 1 0 0 1 1 0 0 1 0 0 1 1 0 1 0 1 0 0 1 1 1 0 0 1 1 0 1 0 1 0 0 0 1 0 0 1 1 1 1 0 0 0 0 0 0 0 1 0 1 0 1 1
 0 0 0 0 0 1 1 0 1 0 0 1 0 0 0 1 0 1 1 0 0 0 0 0 0 1 0 0 0 0 0 1 1 1 1 0 1 0 1 0 0 0 0 1 1 0 1 1 1 0 1 0 0 0 0 1 1 1 1 0 0 0 1 0 1 0 0 1 1 1 1 0 1 0 1 0 1 0 1 0 1 1 1 0 1 0 0 0 0 0 1 0 0 1 0 0 1 0 0 0
 1 0 1 0 0 0 1 1 0 0 0 0 0 0 0 0 0 0 0 0 0 0 0 0 0 0 0 0 0 1 1 0 0 1 1 1 0 1 0 0 1 1 1 1 1 0 0 0 0 0 1 0 1 0 1 0 1 0 1 0 0 0 0 1 1 0 0 1 0 1 0 0 0 1 0 0 1 1 0 0 0 0 1 0 0 0 0 1 1 0 1 1 1 1 1 0 1 1 1 1
 1 0 1 1 0 1 1 1 0 0 0 0 1 0 1 0 1 0 1 0 0 0 0 0 0 0 0 1 0 1 1 0 1 1 1 1 0 1 0 0 1 1 1 1 0 1 1 1 1 0 0 0 0 1 0 1 1 0 0 0 0 1 1 1 0 1 0 0 0 1 0 0 0 0 0 1 1 1 1 0 0 0 0 1 1 0 1 0 1 1 0 0 0 0 1 1 0 0 0 0
 0 1 1 0 0 0 1 0 0 1 0 1 0 1 0 0 1 1 1 0 0 0 0 0 0 0 1 0 1 1 1 0 0 1 0 0 0 0 1 1 0 0 0 1 1 0 0 0 0 0 1 1 1 1 0 0 0 0 1 1 0 1 0 0 1 0 1 1 1 0 0 1 1 0 0 1 1 1 0 1 1 1 0 0 0 0 0 1 1 1 1 0 1 1 1 1 0 0 0 0
 0 1 1 0 1 0 1 0 1 0 0 0 1 0 0 0 1 0 1 0 0 0 0 0 0 1 1 0 0 0 0 0 0 0 0 1 0 1 0 0 0 0 0 0 1 0 0 0 0 1 1 1 0 0 0 1 0 1 0 1 0 0 0 1 0 1 0 1 0 1 0 0 0 0 1 0 0 0 0 1 0 0 1 1 0 0 1 0 1 1 0 1 0 0 1 0 1 0 1 0
 1 0 0 0 1 0 0 1 0 0 1 0 1 0 1 0 0 1 0 0 0 0 0 0 0 0 0 0 1 0 1 0 0 1 1 1 1 0 0 1 1 0 0 1 0 1 1 1 0 0 0 0 0 1 1 0 1 1 0 0 0 1 0 0 0 0 1 0 0 0 0 1 1 0 0 0 0 0 0 0 1 1 1 1 1 1 0 1 1 0 0 1 0 0 0 0 1 0 0 1
 1 0 0 1 0 0 1 0 0 0 1 1 1 0 1 1 0 0 1 1 0 0 0 1 0 0 0 0 1 0 0 0 0 1 0 0 1 0 0 1 0 0 0 1 0 0 1 0 0 1 0 0 0 0 0 0 0 1 0 0 0 1 1 0 1 0 0 1 1 1 1 0 1 0 0 0 1 0 0 1 0 1 1 0 1 1 0 1 1 1 1 0 0 0 0 0 0 0 0 1
 1 0 1 1 0 1 1 1 0 0 1 0 0 0 1 0 0 1 1 0 0 0 1 1 0 0 0 0 0 0 0 1 1 1 0 1 1 0 0 1 1 0 1 0 0 1 1 1 0 1 1 0 0 0 0 1 1 1 0 0 1 0 1 0 1 1 0 0 1 0 0 0 0 0 1 0 0 1 0 1 1 1 0 0 0 0 1 1 1 0 0 0 0 0 1 1 1 0 0 0
 0 0 1 0 0 0 0 0 0 1 0 0 0 0 1 1 1 0 1 0 0 1 0 0 0 0 0 0 0 0 0 0 0 0 0 0 0 0 1 1 1 0 0 0 0 0 0 0 0 1 0 1 1 0 0 0 0 1 0 0 0 1 1 0 1 1 1 0 1 1 0 0 0 0 0 1 1 0 1 0 0 0 1 1 1 0 1 1 0 1 0 0 0 0 0 1 1 0 1 1
 1 1 0 1 0 0 0 0 0 0 0 0 1 0 1 0 1 1 1 0 0 0 1 0 1 1 0 0 0 1 1 1 0 1 0 0 1 0 0 0 0 1 0 0 0 0 0 0 0 1 1 0 0 0 0 0 0 1 0 0 0 0 0 0 1 1 0 1 0 0 0 0 0 0 0 1 1 0 0 0 1 0 1 0 1 0 0 0 1 1 0 0 0 0 1 0 1 1 1 0
 1 0 0 1 1 1 0 0 1 0 0 0 0 1 0 0 1 0 1 0 1 1 1 0 0 0 0 0 1 0 1 0 0 0 0 0 0 0 1 1 0 0 1 1 1 1 0 0 1 0 1 0 1 0 1 0 0 1 0 1 1 0 0 1 0 1 0 0 0 0 0 1 1 0 0 0 1 1 1 0 0 1 1 0 0 1 1 1 1 0 0 1 0 0 1 0 1 0 0 0
 0 0 0 1 0 1 1 1 0 0 0 0 0 0 0 0 1 0 1 0 1 1 1 0 1 0 0 0 1 1 0 1 0 0 1 0 0 0 1 0 1 0 1 0 0 0 1 1 1 0 0 0 1 1 0 1 0 0 1 0 0 1 0 0 0 0 0 0 0 0 1 0 0 1 0 0 0 1 0 0 0 0 1 0 1 0 0 0 0 0 0 1 0 0 1 0 1 0 1 0
 0 1 1 1 0 0 1 0 1 1 0 0 1 0 1 0 0 1 0 1 0 0 0 0 0 0 1 0 1 0 1 0 0 0 1 0 1 0 0 1 0 0 1 0 1 1 0 1 0 0 1 0 0 1 0 1 1 1 1 0 0 0 1 0 1 1 1 0 0 0 0 1 0 0 1 0 0 0 0 0 1 1 0 1 0 0 0 1 0 1 0 0 1 0 0 0 1 0 1 0
 0 0 0 1 0 1 0 1 0 0 1 0 0 0 1 0 0 0 0 1 0 1 0 0 0 0 1 0 0 0 0 0 0 1 0 1 0 0 1 0 0 1 0 0 1 0 0 1 0 0 1 0 1 1 1 0 0 1 0 0 0 0 0 1 0 1 0 1 0 0 0 1 1 1 0 0 1 0 0 1 0 1 0 0 0 1 0 1 0 1 0 1 1 0 0 1 1 1 0 0
 0 1 0 0 0 1 0 1 0 1 1 1 1 1 0 0 1 0 0 1 1 1 1 0 1 1 1 0 1 0 0 0 1 0 0 1 1 0 1 1 0 1 0 1 0 0 1 0 1 1 0 0 0 0 0 1 0 1 0 1 1 1 1 0 0 0 0 0 0 0 1 0 0 0 0 0 1 1 0 0 0 0 0 0 0 0 0 1 1 1 1 1 1 0 1 1 0 1 1 0
 1 0 0 1 0 0 0 0 0 0 0 0 0 0 1 1 0 0 0 1 1 1 0 0 1 0 0 0 0 0 1 1 0 0 0 0 0 0 0 0 0 1 1 1 1 0 0 1 0 0 0 0 0 0 0 0 0 1 1 1 0 0 0 1 1 0 0 1 0 1 0 0 1 1 0 1 0 1 1 1 1 1 0 0 0 1 1 1 0 0 0 0 0 0 1 0 1 0 0 0
 1 0 0 1 0 1 0 0 1 1 0 1 0 0 1 1 0 0 1 0 1 1 0 1 1 0 1 0 0 0 0 0 1 1 0 0 0 0 0 1 0 0 1 1 0 0 1 0 0 1 1 0 0 1 0 0 1 1 0 0 1 0 0 0 1 0 0 0 0 0 0 0 1 0 1 0 1 1 1 0 1 0 0 0 0 1 1 0 0 0 1 0 0 0 1 1 1 0 0 0
 0 0 0 1 0 0 1 0 0 0 1 0 0 1 1 0 0 1 0 1 0 0 0 0 1 1 1 0 1 0 0 1 0 1 0 0 0 0 0 0 0 1 0 1 1 1 1 1 1 1 0 1 0 1 0 0 1 1 1 1 1 1 1 1 0 1 1 0 0 0 0 0 1 1 1 1 1 0 1 1 0 0 1 1 0 0 1 1 1 0 1 1 1 0 0 0 1 0 0 1
 1 1 0 0 1 1 1 1 0 0 0 0 0 1 0 1 0 0 1 0 1 1 0 1 0 0 0 0 0 0 0 0 0 0 0 0 0 0 0 0 0 0 0 0 0 1 0 1 0 0 1 1 0 0 0 0 1 0 1 0 1 1 1 0 1 1 0 0 0 1 0 0 0 0 0 0 0 0 0 0 1 0 0 1 0 0 0 0 1 1 1 0 0 0 0 1 0 0 1 1
 0 0 0 0 0 0 0 0 1 1 1 1 1 0 0 0 1 0 0 1 0 0 1 0 0 0 0 1 0 1 1 0 1 1 0 0 0 0 0 0 1 1 1 0 1 0 1 0 0 1 0 1 0 1 0 1 0 0 1 1 0 1 1 0 0 0 0 0 1 1 0 1 0 1 1 0 0 1 0 0 1 0 1 0 0 0 1 1 0 1 0 1 1 0 0 0 0 0 1 1
 0 1 0 0 0 0 0 1 1 0 0 0 0 1 0 1 0 1 0 0 0 0 1 0 1 1 1 1 0 1 0 1 0 1 0 1 0 0 0 0 0 1 1 1 1 0 0 0 0 1 0 0 0 0 1 0 1 0 1 0 0 1 1 1 1 0 1 0 1 1 0 1 1 1 1 0 0 1 0 0 0 0 0 0 1 0 1 1 0 0 1 0 0 1 1 0 1 0 1 1
 0 0 0 1 1 0 0 0 1 1 0 0 0 1 1 0 1 0 0 0 1 1 0 0 1 0 1 1 0 0 1 0 0 0 0 0 0 0 1 0 0 0 1 1 0 1 0 1 0 0 0 0 1 1 1 1 0 1 0 0 0 0 0 0 1 0 0 1 0 0 0 0 1 0 1 1 0 0 0 0 0 1 1 1 1 0 0 0 1 0 0 0 0 0 0 1 0 0 0 0
 0 0 0 0 1 0 1 0 0 1 0 0 1 0 0 0 1 1 0 0 1 1 0 0 0 0 0 0 1 0 0 0 1 1 1 0 1 0 1 1 0 0 0 1 1 0 0 0 0 0 1 0 0 1 1 0 0 1 0 0 0 0 0 1 0 1 0 1 0 1 0 0 1 1 0 1 1 0 1 0 0 0 0 1 1 0 1 0 0 0 0 1 1 1 0 1 1 0 1 0
 0 1 0 1 1 0 0 1 0 0 0 0 1 0 1 1 0 1 1 0 1 1 0 0 0 0 1 0 0 1 1 1 0 0 1 1 0 0 1 1 1 0 0 0 1 1 1 1 0 1 1 0 1 1 0 0 0 1 0 0 0 0 0 1 1 1 1 1 1 0 0 0 1 1 0 1 0 1 0 0 0 0 0 0 0 0 0 0 0 1 1 0 0 1 1 0 0 0 0 0
 1 0 0 1 0 0 0 0 1 1 1 1 1 0 1 1 1 1 1 1 1 1 1 0 1 1 0 0 0 1 0 0 0 1 1 1 1 0 0 1 1 1 0 0 0 0 0 0 0 1 0 0 0 0 1 1 0 1 0 0 0 1 1 0 0 0 1 0 1 1 1 1 1 1 0 0 1 1 1 1 1 0 0 0 0 1 0 1 0 0 0 0 0 0 0 1 1 0 0 0
 1 0 1 0 0 0 0 0 0 0 0 1 1 0 0 0 1 1 1 1 1 0 1 1 0 0 0 0 0 1 0 1 1 0 1 0 1 0 1 1 0 1 1 0 0 0 1 1 0 0 1 1 0 0 1 0 0 1 0 1 1 1 0 1 0 0 0 0 1 0 0 1 0 0 1 0 0 0 0 0 1 0 0 0 1 0 1 1 0 0 1 0 1 0 0 0 1 1 1 0
 0 1 1 0 0 0 1 0 1 0 1 0 0 0 0 1 0 1 1 0 0 1 0 0 1 0 1 0 0 1 0 1 0 0 0 0 1 1 0 0 1 0 1 0 0 0 1 1 1 0 1 0 1 0 0 1 0 1 1 0 0 0 0 1 1 1 1 0 0 0 1 0 0 0 1 1 1 0 0 0 0 1 1 0 0 1 0 0 0 0 0 1 1 0 0 0 0 0 0 1
 0 0 0 0 0 1 0 0 1 1 0 1 1 1 1 1 1 0 0 1 0 1 0 0 1 1 1 0 0 0 1 0 0 1 0 1 1 0 1 0 0 0 1 0 1 1 0 0 0 0 0 0 0 0 1 0 0 0 0 0 0 1 0 1 1 1 0 0 0 0 0 0 0 1 0 1 0 1 0 0 0 0 1 1 0 0 0 1 0 0 0 0 1 1 1 0 1 0 0 0
 0 1 0 1 0 1 0 0 1 1 0 0 0 0 1 1 0 0 1 1 0 1 0 0 1 0 1 0 0 0 1 1 1 0 1 0 1 1 0 0 1 0 1 0 1 1 0 0 0 0 1 1 1 1 1 0 1 0 0 1 1 0 0 0 0 0 1 0 1 0 0 0 0 1 0 0 1 0 1 1 1 0 0 1 0 0 0 0 0 1 0 0 1 0 1 1 0 0 0 0
 0 0 0 0 0 0 1 1 1 0 1 1 0 0 1 1 0 0 1 1 0 1 0 0 0 0 0 0 0 1 1 0 0 1 0 0 1 0 0 0 0 0 0 0 0 1 0 0 0 0 0 0 1 1 0 1 1 1 0 0 1 1 0 0 0 1 0 0 0 0 0 0 1 0 1 0 0 0 1 1 1 0 1 0 0 1 1 1 1 0 0 1 0 0 0 0 1 1 1 0
 0 1 1 0 1 1 0 0 0 0 0 0 1 0 0 0 1 1 0 0 0 0 0 1 0 1 1 1 1 0 0 0 0 1 0 1 1 0 1 1 0 0 1 1 0 0 0 0 0 0 0 0 0 1 0 0 0 1 1 0 0 0 0 0 0 1 0 1 1 0 0 0 0 0 0 1 0 0 0 0 0 1 0 1 0 0 0 1 1 0 1 0 0 0 0 1 0 1 0 0
 0 0 1 0 0 0 0 0 1 0 0 0 1 0 1 1 0 1 0 1 1 0 1 1 0 0 1 0 1 1 0 1 1 0 0 1 0 1 0 0 0 1 1 0 1 1 0 1 0 0 0 0 1 0 1 1 0 1 0 1 0 1 0 1 0 0 0 1 0 1 0 0 0 1 0 1 1 0 0 0 0 0 1 0 0 1 0 0 0 0 0 0 1 0 0 1 1 0 0 0
 0 0 1 0 1 0 1 1 1 0 1 0 0 1 0 0 1 1 1 0 0 0 1 1 0 0 0 1 0 0 0 0 0 0 0 0 1 1 1 0 0 0 0 0 1 0 0 1 0 0 0 0 1 1 1 1 0 1 0 0 1 0 0 1 0 0 1 0 1 1 1 1 0 0 0 0 1 1 1 0 0 0 1 0 0 0 0 1 0 0 0 0 1 0 0 1 0 0 0 0
 0 1 0 0 0 0 0 0 0 1 1 0 0 0 1 0 0 0 1 0 1 0 1 0 0 0 0 1 0 1 1 0 1 0 0 0 0 0 0 0 1 0 1 0 0 1 0 1 1 0 1 1 0 0 1 0 0 0 1 1 0 0 1 0 1 1 0 0 1 0 0 0 0 1 0 1 1 1 0 1 1 0 0 0 0 0 0 0 1 0 0 1 1 0 0 1 0 1 0 0
 0 0 1 0 0 0 1 0 0 0 1 0 1 0 0 0 0 1 0 0 0 1 1 0 1 0 0 0 0 0 1 1 1 0 0 1 1 0 1 0 1 1 1 0 0 0 0 1 1 1 0 1 0 0 0 1 0 0 1 0 1 0 0 1 0 1 1 1 0 0 0 1 0 0 1 0 0 0 1 0 0 0 1 0 0 0 1 0 1 1 0 1 1 0 1 0 0 0 0 1
 1 0 0 0 1 0 0 1 1 0 1 1 1 0 1 0 1 1 0 0 1 0 0 0 1 0 0 0 0 1 0 0 1 0 0 0 0 0 0 1 1 1 0 1 1 0 1 1 0 0 1 1 1 0 0 0 1 1 1 0 1 1 1 0 1 0 1 1 1 0 1 1 0 0 1 1 1 1 0 0 0 0 0 0 0 1 1 1 0 0 1 0 0 0 1 1 0 0 0 0
 0 0 0 0 0 1 1 1 0 1 0 1 1 0 0 0 0 1 1 1 0 1 0 1 0 0 1 0 0 0 1 1 0 1 0 0 0 0 1 0 1 0 0 1 0 1 0 0 1 0 1 1 0 1 0 0 0 1 1 0 0 1 1 0 0 0 0 1 0 0 1 0 0 1 0 0 1 1 1 1 1 0 0 0 1 1 0 0 1 1 0 1 0 1 0 1 0 1 0 1
 0 1 0 0 0 0 0 0 0 0 1 0 0 0 1 0 1 0 0 1 1 1 0 0 1 0 1 0 0 0 0 1 0 0 0 1 1 1 0 1 0 0 0 0 0 0 0 1 1 0 0 0 0 0 1 0 0 0 1 1 1 1 0 0 1 1 1 0 0 0 0 0 0 0 0 1 0 0 0 1 1 0 1 0 1 0 0 1 0 0 0 0 0 0 0 1 1 0 0 1
 0 0 0 1 0 1 0 0 1 0 0 0 0 0 0 0 0 0 0 1 0 0 0 1 1 1 1 1 1 1 0 1 1 1 1 1 1 0 0 0 1 1 1 1 1 1 0 0 1 1 1 1 0 0 1 1 0 0 1 0 1 1 0 1 1 1 0 0 0 1 0 0 1 1 1 0 1 1 0 0 0 1 1 1 0 0 1 0 0 0 0 1 0 1 0 0 1 0 1 1
 0 0 1 0 0 1 1 1 0 1 0 1 1 0 0 0 0 1 1 1 1 0 1 0 0 0 0 0 0 0 1 1 0 0 1 0 1 1 1 1 0 0 0 0 0 1 0 0 0 1 0 0 1 1 1 1 1 1 0 1 1 1 1 1 1 0 0 0 1 0 0 0 0 0 1 1 0 0 0 1 1 0 1 1 1 0 0 1 0 0 0 1 1 1 0 0 1 0 1 0
 0 0 0 0 1 0 1 1 0 0 1 1 1 0 0 1 1 0 1 0 0 0 1 1 0 0 0 0 0 1 0 0 0 1 1 0 1 0 1 0 0 0 0 0 1 0 0 1 0 0 1 0 1 0 0 0 1 0 1 0 0 1 1 0 1 1 0 0 1 0 0 0 0 0 1 1 0 0 0 0 1 0 1 1 1 1 1 1 1 0 0 0 1 1 0 0 0 0 0 0
 1 0 0 1 0 1 0 0 0 1 0 1 0 1 1 1 0 0 0 0 0 0 0 0 0 0 1 0 0 1 0 0 0 1 0 1 1 1 0 0 0 0 0 0 1 0 0 1 1 0 0 1 0 1 1 0 1 1 1 0 0 0 0 0 1 1 1 0 0 1 1 1 1 1 0 0 0 0 1 1 0 0 0 0 0 1 1 1 1 0 0 1 0 0 0 1 1 1 0 0
 1 1 1 0 0 0 0 0 0 0 1 0 0 0 0 0 1 0 1 0 0 1 1 0 1 1 0 1 0 0 1 0 0 1 0 0 1 1 1 1 0 0 0 1 1 0 1 0 1 0 1 0 0 0 1 1 1 1 1 1 0 0 1 0 0 1 0 1 0 1 1 0 0 0 0 0 1 0 0 0 0 0 0 1 0 0 1 0 0 0 0 0 1 1 1 0 0 0 0 1
 1 1 0 0 0 0 0 0 1 1 0 1 0 0 0 0 0 0 0 1 0 1 0 0 0 1 1 1 0 0 0 1 0 1 0 0 1 1 1 1 0 0 0 1 0 0 0 0 0 0 0 0 1 0 1 1 0 0 1 1 0 1 0 0 1 0 1 0 1 0 0 0 0 1 1 0 0 0 1 1 0 0 1 0 1 1 0 1 0 1 0 1 0 1 0 1 0 0 1 1
 0 0 0 1 0 1 0 1 0 1 0 0 1 0 0 0 0 1 1 0 1 1 0 1 0 0 0 0 0 1 0 0 1 0 1 0 1 0 0 1 0 1 1 0 1 1 1 0 0 0 1 1 0 1 0 0 0 1 1 0 0 0 0 0 1 0 0 1 1 0 1 1 0 1 0 1 1 1 0 0 0 0 1 1 1 0 1 1 0 1 0 0 0 0 0 0 0 0 0 0
 0 0 1 0 1 1 0 0 0 0 0 1 0 0 1 1 0 1 0 1 1 0 1 0 0 1 1 1 1 0 0 1 0 0 1 1 0 1 0 1 1 0 1 0 0 1 1 0 0 0 0 0 1 0 1 0 1 1 1 1 1 0 1 1 0 0 1 0 1 1 0 1 0 0 1 1 1 0 0 0 0 0 1 0 0 0 0 1 0 1 1 1 1 0 1 0 0 0 1 0
 0 0 1 1 0 0 1 0 0 0 1 0 0 0 0 0 0 0 0 0 0 1 0 1 0 0 1 1 1 1 0 1 1 0 0 0 1 1 0 0 0 1 1 0 0 1 1 0 1 1 0 0 1 1 0 0 1 1 0 1 1 1 0 0 0 0 1 1 0 0 1 1 0 0 0 0 1 0 1 0 0 0 0 0 0 0 1 0 1 0 0 1 1 0 0 1 1 0 0 0
 0 1 0 0 1 0 0 1 0 0 0 1 1 0 1 0 1 0 1 0 0 0 1 0 1 0 0 1 0 0 0 1 0 0 0 0 1 0 0 1 0 0 1 1 0 1 0 1 0 0 0 1 0 1 1 0 1 0 0 0 1 0 1 0 1 1 0 1 1 1 0 0 1 0 0 1 0 0 0 1 0 0 0 0 0 1 0 0 1 0 1 1 0 0 1 0 1 1 1 1
 1 0 1 0 0 0 1 0 0 0 1 0 1 1 0 0 0 0 1 1 1 0 1 1 0 1 0 0 1 0 0 0 1 0 1 0 0 0 0 0 1 1 1 0 0 0 0 0 0 1 1 0 0 1 1 1 0 0 0 0 0 1 0 1 0 1 1 0 0 1 0 1 1 1 1 0 1 0 1 0 1 0 0 1 1 0 0 1 1 0 0 1 0 1 0 0 0 0 0 0
 1 1 1 1 1 1 1 0 0 1 0 1 0 0 1 0 0 0 1 1 0 0 1 0 0 1 1 1 0 0 0 0 0 0 0 0 0 0 1 1 0 0 1 1 1 0 0 1 0 1 0 1 1 0 1 0 0 0 1 1 0 0 1 1 1 0 1 0 0 1 0 1 0 0 0 1 0 0 1 0 0 1 1 0 0 1 1 0 0 0 1 0 1 1 1 1 0 0 0 1
 1 0 1 0 0 1 0 0 1 0 0 1 1 1 0 1 0 0 0 1 1 1 0 1 0 1 0 1 0 0 0 0 0 0 1 0 0 1 1 1 0 1 0 1 0 0 0 0 0 0 1 1 0 0 0 0 0 1 0 0 1 1 0 0 1 0 1 1 1 0 1 0 1 1 0 0 0 0 0 1 0 1 0 1 0 0 1 1 0 1 0 0 1 1 0 0 1 0 1 0
 1 0 1 0 0 0 0 1 0 0 1 1 0 0 0 0 1 0 0 1 0 0 0 0 0 1 0 0 0 0 1 0 0 1 0 0 0 0 0 0 0 0 0 1 0 1 0 0 0 0 0 1 0 0 1 1 0 0 0 0 1 1 0 1 0 1 0 0 0 1 0 1 0 1 0 0 0 1 0 0 0 0 0 1 0 0 1 1 0 0 1 0 0 0 0 0 0 0 0 1
 1 1 1 1 1 0 0 1 0 0 1 1 0 0 1 1 0 1 1 0 0 0 1 0 1 0 0 0 0 1 0 1 1 0 0 0 0 0 1 1 0 0 0 1 1 0 0 0 0 0 0 1 0 1 1 0 0 0 0 0 1 0 0 1 1 1 0 1 1 0 1 0 0 0 0 1 0 1 1 1 1 1 0 1 1 1 0 1 0 1 1 1 0 1 0 0 0 1 1 0
 0 0 0 0 1 1 1 0 1 0 0 1 1 0 0 0 0 0 1 1 0 0 1 0 1 1 0 0 0 1 0 0 1 0 1 1 1 0 0 1 1 1 1 1 0 0 0 0 1 0 0 0 0 0 0 0 0 1 0 0 1 0 0 0 0 0 1 1 0 1 0 0 0 1 0 0 0 0 0 1 0 1 0 1 0 1 1 1 0 0 0 0 0 0 1 1 1 0 0 1
 0 0 1 0 1 0 0 0 0 0 1 0 0 0 1 1 1 0 0 0 1 0 0 0 0 0 0 0 0 0 1 0 1 0 1 0 1 0 1 1 0 1 1 1 0 0 1 1 0 0 1 0 1 0 0 1 0 1 0 0 1 0 1 1 0 0 0 1 0 1 1 0 1 0 0 0 0 0 0 1 0 1 1 1 0 0 1 1 0 0 0 1 0 0 0 1 0 0 1 0
 1 0 0 1 1 1 1 1 0 0 0 0 1 1 1 0 0 1 1 1 0 0 0 1 0 0 1 0 0 0 0 1 0 0 0 1 1 0 1 1 1 0 0 0 1 1 0 0 1 0 0 0 0 1 1 0 0 1 1 1 0 0 1 0 1 0 0 1 0 0 0 0 0 0 0 0 1 1 0 0 0 1 0 0 0 1 0 0 0 1 0 0 1 1 1 0 1 0 1 1
 0 1 1 0 0 1 0 1 1 1 0 1 1 0 1 0 0 1 0 0 0 1 1 0 0 0 0 1 1 0 0 0 0 0 1 0 1 0 0 0 1 1 1 0 0 1 1 0 0 1 1 0 1 0 1 0 1 0 1 1 0 0 0 1 1 0 1 0 1 0 0 1 0 0 0 0 1 0 1 0 1 0 1 0 1 0 0 0 0 1 0 1 1 1 0 1 0 0 1 1
 0 0 0 1 0 1 0 0 1 1 0 0 1 0 1 1 0 0 1 1 1 1 1 0 0 1 0 1 1 1 0 0 1 1 0 1 1 0 0 0 0 1 0 1 0 1 0 1 0 0 1 1 1 0 1 1 0 1 0 0 0 1 0 1 1 1 0 1 0 0 0 0 0 0 1 1 0 1 1 1 0 0 0 0 1 0 1 1 1 1 1 0 0 1 0 1 1 0 0 0
 0 1 0 1 1 0 0 0 1 0 0 0 1 0 0 0 1 1 0 0 1 1 1 0 0 0 1 0 0 1 1 0 0 1 1 1 0 0 1 1 0 0 1 1 0 0 1 0 0 0 0 1 1 0 1 1 0 1 0 0 0 0 0 1 0 0 0 0 0 0 1 1 0 0 1 0 1 0 1 0 0 1 0 0 0 0 1 0 1 0 0 0 1 1 0 0 1 0 1 0
 1 0 1 0 0 0 0 0 0 0 1 0 1 0 0 0 0 1 0 1 0 1 0 0 0 0 0 1 0 1 0 0 0 0 1 1 1 0 0 0 0 1 0 1 0 0 0 1 1 0 0 1 0 1 0 1 0 0 0 0 1 0 1 0 0 1 0 1 1 0 0 1 0 0 0 1 1 1 0 0 0 1 0 0 1 0 1 1 0 0 0 1 1 1 0 1 0 0 1 1
 1 0 0 1 1 0 0 1 0 0 0 0 0 0 0 0 1 1 0 0 0 0 1 1 0 1 1 0 0 0 0 0 1 0 1 0 1 0 0 0 0 0 0 1 0 0 0 1 1 0 0 0 1 0 0 1 1 0 1 0 1 0 1 0 0 0 1 0 0 1 0 1 1 1 0 0 1 0 0 0 1 1 0 1 0 1 0 0 0 1 1 0 0 0 1 0 0 1 1 0
 1 1 0 1 0 0 0 0 1 1 1 1 1 1 0 0 0 1 1 1 0 0 1 0 1 0 1 0 1 0 0 1 0 0 1 1 0 1 1 0 0 0 0 1 1 0 0 1 1 0 0 0 1 0 0 1 1 0 1 1 0 0 0 0 0 0 0 1 0 0 0 1 0 0 0 1 0 0 0 1 0 1 0 0 1 1 0 1 0 1 1 1 0 0 0 1 1 0 0 0
 0 1 0 0 1 0 0 0 1 0 1 1 1 0 1 0 0 0 0 1 0 0 1 0 1 1 1 0 0 1 0 1 1 0 1 0 0 0 0 0 1 0 0 0 0 1 0 0 0 1 0 0 0 0 0 0 0 1 0 0 0 0 0 0 0 0 0 0 1 1 0 1 1 1 1 0 0 1 1 1 1 0 0 1 0 1 0 1 0 0 0 0 1 1 1 1 1 0 1 0
 0 0 0 0 0 0 1 0 0 0 0 1 1 1 1 1 1 1 0 1 1 0 0 1 1 1 0 1 1 1 1 0 0 0 0 0 1 0 1 0 1 0 0 0 0 1 1 0 1 0 1 1 0 1 0 0 1 1 1 1 0 0 1 1 1 0 0 0 1 0 0 0 0 1 0 1 0 0 0 0 0 0 0 0 0 0 0 0 1 0 1 1 0 1 0 0 0 0 1 1
 1 1 0 1 0 0 1 0 0 0 1 1 0 0 0 0 0 0 1 0 0 1 0 1 1 0 0 1 0 0 0 1 0 0 0 0 1 1 0 0 1 1 0 0 0 0 1 1 0 1 0 0 0 0 0 0 0 1 1 1 0 1 0 1 0 0 0 1 0 1 1 1 1 1 0 0 0 0 0 1 0 1 0 0 0 0 0 1 0 1 1 0 1 0 0 0 1 1 0 1
 0 1 1 0 0 1 0 1 0 0 0 1 1 0 0 0 0 0 1 1 0 1 0 0 1 1 0 1 1 0 1 0 0 0 0 0 0 0 0 1 1 1 0 0 1 0 0 0 0 0 0 0 0 0 0 1 1 0 1 1 0 0 1 1 0 0 0 1 0 0 0 1 0 0 0 1 1 0 1 0 1 0 0 0 0 0 0 0 1 1 0 0 0 0 0 1 0 0 0 1
 0 1 0 0 1 1 0 1 1 0 0 0 1 0 1 0 0 0 1 0 0 0 0 0 1 1 0 0 0 1 0 0 1 0 1 1 0 0 0 0 0 0 0 1 0 1 0 0 1 0 1 0 0 0 1 1 0 0 0 1 1 0 1 0 0 0 1 0 1 0 0 1 1 0 1 0 0 0 0 1 1 1 0 0 0 0 0 0 0 1 0 1 0 0 0 0 1 0 0 0
 1 0 1 0 1 1 0 0 0 1 0 1 1 1 0 0 0 0 1 0 0 1 0 1 0 0 1 1 0 1 0 0 0 0 1 1 1 0 1 1 0 1 0 0 1 0 0 0 1 0 0 0 0 1 1 0 0 1 0 1 1 1 0 1 0 1 0 0 1 1 1 0 1 1 0 0 1 1 1 0 0 0 0 0 0 0 0 1 1 0 0 0 1 0 1 0 0 1 1 0
 0 0 0 0 0 1 0 0 0 1 1 1 1 1 0 1 0 0 0 0 1 0 1 0 1 1 1 1 0 1 0 1 1 1 1 0 1 0 1 1 0 0 0 1 1 0 1 0 1 1 0 1 0 0 1 0 1 0 1 1 1 0 1 1 1 0 0 1 0 1 1 1 1 1 0 0 1 0 1 0 1 1 0 1 0 0 1 0 0 0 1 0 0 0 0 0 1 1 0 0
 1 1 0 0 0 1 1 1 0 0 0 0 1 1 1 1 1 0 0 0 1 1 1 1 1 1 1 0 1 1 0 0 0 1 0 0 1 1 0 0 1 0 0 0 0 0 0 0 1 1 0 0 1 1 0 1 0 0 0 1 1 0 0 0 0 1 1 1 0 0 0 0 0 0 0 0 1 1 0 0 0 0 1 0 1 0 1 0 0 0 0 0 1 1 1 0 1 1 0 0
 1 1 0 0 0 0 1 0 0 0 1 1 1 1 1 0 1 0 0 0 0 1 1 1 0 1 0 1 1 0 0 1 1 1 0 0 0 1 1 0 0 0 1 0 0 0 0 1 0 0 0 0 0 1 0 1 0 0 0 0 0 0 1 1 1 0 0 0 0 1 0 1 0 0 1 1 1 0 0 1 1 0 0 1 1 1 0 0 0 0 0 0 0 1 1 0 0 1 1 0
 0 1 1 1 1 0 0 0 1 0 0 0 0 1 1 1 0 1 0 1 1 0 1 0 0 1 0 0 0 0 0 0 0 1 0 1 1 1 0 1 0 0 1 0 1 0 0 0 0 1 0 0 0 0 1 0 0 0 0 0 0 0 0 0 1 0 1 0 1 0 1 1 0 0 0 0 1 0 0 1 1 0 1 1 0 0 0 1 0 0 0 1 1 1 1 0 0 0 0 1
 1 0 1 0 1 0 0 0 1 0 1 0 1 0 0 1 0 0 0 0 1 0 0 1 1 0 0 0 0 1 1 0 1 1 0 0 1 0 1 0 0 1 0 0 0 1 0 0 1 0 0 0 1 1 0 1 0 1 1 0 1 0 1 0 1 1 1 1 0 0 0 1 0 1 0 1 0 0 1 0 1 0 1 0 0 1 0 0 0 0 1 0 1 1 0 0 1 0 0 1
 1 1 0 1 0 0 1 0 0 0 0 0 0 0 0 0 1 1 0 0 1 0 1 0 0 0 0 0 0 0 0 1 1 1 0 0 1 0 1 0 0 1 0 0 1 1 1 1 0 0 1 1 1 1 0 0 0 0 1 1 0 1 0 0 1 1 0 0 1 1 0 0 0 0 1 1 0 1 1 0 0 1 0 1 0 0 1 0 1 0 1 1 0 1 1 1 0 0 1 0
 0 0 1 1 0 1 1 0 0 0 0 0 0 0 1 0 0 0 0 1 1 0 1 0 0 0 0 0 0 0 0 0 0 0 0 0 0 0 0 1 0 1 1 0 0 0 1 0 0 0 0 0 0 0 0 1 0 1 1 1 0 1 1 0 0 0 0 1 1 1 0 1 0 0 1 1 1 1 1 0 0 1 1 0 0 0 0 0 1 1 1 1 1 0 0 0 1 0 1 0
 0 0 0 1 1 1 1 0 1 0 1 1 1 0 0 1 0 0 1 0 1 1 1 1 0 0 1 0 1 1 1 0 0 1 1 1 0 0 0 1 0 0 1 0 0 0 1 1 0 0 0 0 0 1 1 0 0 0 0 0 0 1 0 0 1 0 1 0 1 0 0 0 1 0 1 0 0 0 0 1 0 1 0 0 0 0 1 0 1 1 1 0 1 0 0 1 0 0 0 0
 0 0 0 1 1 0 0 1 1 0 0 0 1 0 0 0 1 0 0 0 0 1 1 0 0 0 1 1 0 0 0 0 1 1 0 1 0 1 0 0 1 1 0 1 0 0 0 1 0 1 1 1 1 0 1 1 1 0 0 0 1 0 1 0 0 1 0 0 1 0 0 0 1 1 0 1 1 0 1 0 1 1 0 0 1 0 0 0 0 0 0 0 1 0 1 0 0 0 1 0
 0 1 0 1 0 1 1 0 1 1 1 0 1 1 0 0 0 1 1 1 1 0 0 1 1 0 1 1 1 1 1 1 1 0 1 1 1 0 0 1 0 1 0 1 1 0 1 0 1 0 1 0 0 0 0 0 1 1 1 0 1 0 0 0 0 1 1 0 0 1 0 0 1 0 1 0 1 1 0 0 1 1 0 1 0 1 0 1 1 0 0 1 0 1 0 0 0 1 0 0
 1 0 0 0 0 0 1 0 0 1 1 1 1 0 1 1 0 0 0 0 1 0 0 0 0 0 0 0 1 0 0 0 1 1 0 0 0 0 0 0 0 0 0 0 1 0 0 0 1 1 0 0 1 0 0 1 0 0 0 0 1 0 0 0 0 0 1 0 0 0 0 1 0 0 0 0 0 0 0 1 0 0 0 1 0 0 1 1 1 1 0 0 0 0 0 0 1 0 0 0
 0 0 1 0 0 1 0 0 0 0 0 0 1 0 1 0 0 0 1 0 1 0 0 1 0 0 0 1 1 0 1 1 0 1 0 0 0 1 1 1 0 1 0 0 1 0 0 0 1 0 0 0 0 0 0 0 0 1 1 0 0 0 1 0 1 0 1 0 0 1 0 1 0 1 1 1 0 1 1 1 0 1 1 0 0 0 1 0 0 1 0 0 1 1 0 1 0 0 0 0
 0 0 0 1 0 0 0 0 0 0 0 0 1 0 1 0 0 1 1 0 1 0 0 0 1 1 0 1 0 0 0 0 0 0 0 0 1 1 1 1 0 0 0 0 0 1 0 0 0 0 0 0 0 1 0 1 1 1 0 0 0 1 1 0 0 0 1 0 1 0 1 0 1 0 1 1 0 0 1 0 0 0 1 1 1 0 0 0 0 0 1 1 0 0 0 0 0 0 0 0
