100
   25   99   27   39   33   28   37   75   43   90  111   51   87   84  103   96   97   42  113   28   38   61  115   71   53   89   60   33   61  120   37   44   32   43   64   20  102   69   88   22   45  102   71  101  112   82   43   60   83   99   32   60   63   43   67   66   45   43  103  105  101   76   20   30  108   20   72   22   98   74   59  106   83   31   93  119   62   66   88  102   57  107   36  114  116   65  117  101   43   95  111   37  118   99   34   32   69   25   52   40
 0 0 0 0 0 0 1 1 0 0 1 0 1 1 0 0 1 0 0 0 1 0 0 0 0 0 0 1 0 0 1 1 1 1 0 0 0 1 0 0 0 1 0 0 0 1 0 1 1 1 0 0 0 0 0 0 0 1 0 0 0 0 0 1 0 1 0 1 0 0 1 0 0 1 0 0 1 0 1 1 1 0 0 1 1 0 1 0 0 1 0 1 0 0 1 0 1 1 1 1
 0 0 1 1 0 1 1 0 0 0 0 1 0 0 0 0 1 0 1 0 0 0 1 0 0 1 1 0 0 1 1 0 0 0 0 0 0 0 0 0 1 1 1 1 1 0 0 0 0 0 0 0 0 1 0 0 0 0 0 0 0 0 0 0 1 1 0 1 1 0 1 1 1 0 0 0 0 0 0 0 1 0 0 0 1 1 0 1 1 0 0 1 1 1 1 0 1 0 1 1
 0 1 0 1 1 0 0 1 0 1 0 1 0 0 0 0 1 1 0 0 1 1 0 1 0 0 0 1 0 0 0 1 0 1 0 0 1 0 0 0 1 1 1 0 1 1 1 1 1 1 0 0 1 1 0 1 1 0 1 0 0 1 1 1 1 0 0 0 0 0 0 0 0 1 1 1 0 1 0 1 1 0 0 0 0 0 0 0 0 0 0 1 0 1 1 0 0 0 0 1
 0 1 1 0 0 0 1 0 1 0 0 0 1 0 0 1 0 1 0 1 1 0 0 0 1 1 0 1 1 0 1 1 0 1 0 0 0 1 0 0 0 0 0 1 1 0 0 1 1 1 1 0 0 1 1 0 0 1 0 0 0 0 1 0 0 1 1 1 1 1 0 1 0 0 0 1 0 1 1 1 0 1 1 1 0 0 0 0 0 1 0 0 0 1 0 0 1 1 0 0
 0 0 1 0 0 1 0 0 0 1 0 0 0 1 0 1 0 1 1 1 0 0 0 0 1 0 1 0 0 0 0 0 0 1 0 0 0 1 0 0 1 0 1 0 0 0 0 1 1 1 1 0 0 0 1 0 1 1 1 0 0 1 0 1 0 1 0 0 1 1 1 0 1 0 0 0 0 0 0 0 1 0 0 1 1 1 1 0 0 1 0 1 1 1 0 0 0 0 0 0
 0 1 0 0 1 0 0 0 0 0 1 0 0 0 1 1 0 0 1 1 1 0 0 0 0 0 1 1 1 0 0 0 1 1 1 1 1 1 1 0 0 1 0 0 0 1 0 1 1 1 1 0 0 1 0 0 0 0 0 0 1 0 1 0 1 0 0 0 0 1 0 0 1 0 0 0 0 0 0 0 0 0 0 0 0 1 1 0 0 1 0 0 1 1 1 0 0 0 0 0
 1 1 0 1 0 0 0 0 0 0 0 1 0 0 0 0 0 0 0 1 1 0 1 0 0 0 0 0 0 1 0 0 0 1 0 1 0 0 0 0 0 0 1 0 1 0 1 1 0 0 0 1 1 0 1 1 1 0 1 0 0 0 1 0 0 0 1 1 0 1 0 0 0 0 1 0 0 0 0 1 0 0 1 1 1 0 1 0 0 1 0 1 0 1 0 1 0 0 0 1
 1 0 1 0 0 0 0 0 0 0 0 0 0 0 1 1 0 0 0 1 0 0 1 0 0 0 0 1 0 1 0 1 1 0 1 0 0 1 0 1 1 0 0 0 0 1 1 0 0 0 0 0 0 0 0 0 0 1 1 0 0 1 0 0 1 0 0 1 1 0 1 0 0 0 0 0 0 0 1 0 1 0 0 1 0 0 1 1 1 0 0 0 0 1 1 1 0 0 0 0
 0 0 0 1 0 0 0 0 0 0 0 0 0 0 0 0 1 1 0 0 1 0 0 0 1 0 0 0 1 0 1 1 0 0 0 0 0 0 0 1 1 0 1 0 0 0 0 0 1 0 0 0 0 0 0 0 0 0 0 0 0 1 0 1 1 1 0 0 0 0 1 1 0 0 1 1 1 1 0 0 1 0 1 1 0 1 1 1 0 1 1 1 0 0 1 1 0 1 1 0
 0 0 1 0 1 0 0 0 0 0 0 0 0 0 0 0 0 0 0 1 0 0 0 0 0 0 1 0 0 1 0 0 1 0 0 0 0 0 1 1 0 0 0 1 0 0 1 1 0 1 1 0 0 0 0 0 0 1 0 0 0 1 0 1 0 0 1 0 0 1 0 1 1 0 0 0 0 0 0 0 0 0 1 1 0 0 1 0 0 1 1 0 0 0 1 0 0 0 0 0
 1 0 0 0 0 1 0 0 0 0 0 1 1 1 0 0 1 0 1 0 1 0 0 0 0 0 1 0 1 0 0 0 1 0 1 1 1 0 1 1 1 1 0 0 0 0 1 1 0 1 0 1 1 0 0 1 1 0 1 1 0 1 0 0 1 0 0 1 0 0 1 1 1 0 0 1 0 0 0 0 0 0 0 1 1 1 0 0 0 0 0 0 1 0 1 0 1 0 1 0
 0 1 1 0 0 0 1 0 0 0 1 0 1 1 0 1 1 1 1 1 0 1 0 0 0 1 0 0 0 0 0 1 0 1 1 1 0 1 1 1 0 0 1 1 0 1 0 0 1 1 0 1 0 0 0 0 0 0 0 1 0 0 1 1 0 0 0 1 0 0 0 1 0 1 0 0 1 0 0 0 1 0 1 0 0 0 0 0 1 1 1 1 0 0 0 1 0 0 0 1
 1 0 0 1 0 0 0 0 0 0 1 1 0 0 1 0 1 1 1 1 1 0 1 1 1 1 0 1 0 1 1 0 1 0 1 1 1 0 0 0 0 1 0 0 0 0 1 0 0 0 0 0 1 0 0 1 1 0 1 1 1 1 1 0 0 0 0 0 1 0 1 0 1 0 1 1 0 0 0 0 0 0 0 0 1 1 0 1 0 0 0 1 1 0 0 0 0 1 1 0
 1 0 0 0 1 0 0 0 0 0 1 1 0 0 1 1 0 0 0 1 0 0 1 0 0 1 1 1 0 0 1 0 1 0 0 0 0 0 1 0 1 0 0 1 1 0 1 0 1 0 0 0 1 0 0 0 1 0 0 0 1 0 1 1 0 0 0 1 0 0 0 0 1 1 0 1 0 1 1 1 0 1 0 1 1 0 0 0 0 1 0 1 1 1 1 0 1 0 1 1
 0 0 0 0 0 1 0 1 0 0 0 0 1 1 0 0 1 0 0 0 0 1 0 0 0 0 1 1 1 1 0 0 1 1 0 0 0 0 1 1 0 0 1 1 1 1 0 0 1 0 1 0 0 0 0 1 1 0 1 1 1 1 1 0 1 1 0 0 0 0 0 1 1 1 0 0 1 0 1 1 0 1 0 1 0 0 0 1 0 0 1 0 0 0 0 0 0 0 1 1
 0 0 0 1 1 1 0 1 0 0 0 1 0 1 0 0 1 1 0 0 0 1 1 0 1 0 1 1 1 1 1 0 1 0 0 1 1 0 0 0 0 0 1 0 1 0 0 0 1 1 0 1 0 1 0 0 0 0 0 0 1 0 0 0 0 1 1 0 1 1 0 1 0 0 0 0 0 0 1 1 1 1 1 1 1 1 1 0 0 0 1 1 0 0 0 0 0 0 1 0
 1 1 1 0 0 0 0 0 1 0 1 1 1 0 1 1 0 0 0 0 0 1 0 0 0 0 0 0 0 0 0 1 0 1 1 0 1 0 1 1 1 0 0 0 1 1 0 1 0 1 1 0 1 1 1 0 1 0 0 0 0 1 0 1 0 0 1 1 1 0 1 0 1 1 1 1 1 1 1 0 0 0 0 1 1 1 1 1 0 0 1 0 1 0 0 1 0 0 1 0
 0 0 1 1 1 0 0 0 1 0 0 1 1 0 0 1 0 0 0 0 0 1 1 1 0 0 0 1 1 0 0 0 0 0 0 0 0 1 0 0 1 1 0 0 0 0 0 0 0 0 0 0 1 0 0 0 0 0 1 0 1 0 0 0 1 1 0 0 1 1 0 1 0 1 0 0 1 1 1 1 0 1 0 1 1 1 1 0 0 0 1 0 0 1 0 0 1 0 1 0
 0 1 0 0 1 1 0 0 0 0 1 1 1 0 0 0 0 0 0 0 0 1 1 0 0 0 1 0 0 0 1 1 0 0 0 1 0 1 0 1 0 0 0 1 0 1 0 0 0 0 0 0 1 1 1 0 0 0 1 1 0 0 1 0 0 0 1 0 0 0 1 1 1 0 0 0 1 0 0 1 0 0 0 1 0 1 0 0 0 1 0 1 0 1 0 0 1 1 1 1
 0 0 0 1 1 1 1 1 0 1 0 1 1 1 0 0 0 0 0 0 0 0 0 0 0 1 0 1 0 0 0 1 0 0 1 1 0 1 1 1 1 1 0 0 1 0 1 1 1 0 0 0 1 1 1 0 0 1 0 1 0 1 1 0 0 0 0 1 0 0 0 0 0 0 0 0 0 1 1 0 0 1 1 1 1 0 1 0 0 0 0 0 0 0 1 0 1 1 0 1
 1 0 1 1 0 1 1 0 1 0 1 0 1 0 0 0 0 0 0 0 0 0 1 0 1 0 0 0 1 1 1 0 0 0 1 0 0 0 1 1 1 1 0 1 0 0 1 0 1 0 0 0 0 0 0 1 1 0 0 1 0 1 0 0 1 0 0 0 0 0 0 0 0 0 1 0 0 0 1 1 0 0 0 1 0 0 1 0 0 1 0 1 0 0 1 1 1 0 0 1
 0 0 1 0 0 0 0 0 0 0 0 1 0 0 1 1 1 1 1 0 0 0 0 0 0 1 0 0 1 1 0 0 0 0 1 0 0 0 0 0 1 1 0 1 1 0 0 1 0 0 1 1 0 0 0 1 0 0 0 1 0 0 0 0 0 0 0 0 0 1 0 1 0 0 1 0 0 0 0 0 0 0 0 1 0 1 1 1 1 0 0 0 0 1 0 1 1 0 0 1
 0 1 0 0 0 0 1 1 0 0 0 0 1 1 0 1 0 1 1 0 1 0 0 1 1 0 1 1 0 0 0 1 0 1 1 0 0 0 0 0 0 0 1 0 1 1 0 0 0 1 1 0 0 0 1 0 0 0 1 0 1 0 1 0 0 0 1 1 1 0 0 1 0 0 1 1 1 1 0 0 0 0 1 1 0 0 1 1 0 1 0 1 1 1 0 0 1 0 0 1
 0 0 1 0 0 0 0 0 0 0 0 0 1 0 0 0 0 1 0 0 0 0 1 0 1 0 1 0 1 0 1 1 1 0 0 0 0 1 0 1 1 1 0 1 1 1 1 0 0 1 1 0 0 0 1 1 0 0 1 0 1 0 0 0 1 1 0 0 1 0 1 0 1 0 0 1 0 1 1 1 0 0 0 0 0 0 0 0 1 1 1 0 1 0 1 1 0 0 0 1
 0 0 0 1 1 0 0 0 1 0 0 0 1 0 0 1 0 0 0 0 1 0 1 1 0 0 0 0 0 1 0 0 1 0 1 1 0 1 0 1 0 1 0 0 0 0 0 0 1 1 1 1 1 0 0 1 0 0 0 0 1 0 0 0 0 1 0 1 0 1 1 0 0 0 0 0 0 0 0 1 0 0 0 0 0 0 0 0 1 1 0 1 0 0 1 0 0 1 1 1
 0 1 0 1 0 0 0 0 0 0 0 1 1 1 0 0 0 0 0 1 0 1 0 0 0 0 1 1 1 0 0 1 1 0 0 1 1 1 0 1 0 1 0 1 0 0 1 1 0 1 0 0 1 0 1 1 1 1 1 1 1 1 0 0 0 1 0 1 0 1 0 0 0 0 0 1 1 1 0 1 0 0 0 1 0 1 0 0 1 0 0 1 0 0 0 0 1 0 0 0
 0 1 0 0 1 1 0 0 0 1 1 0 0 1 1 1 0 0 1 0 0 0 1 1 0 1 0 0 1 1 1 0 1 0 0 1 0 1 0 0 0 0 1 0 0 1 0 1 0 1 0 1 0 1 0 1 1 1 1 0 0 1 0 0 1 1 1 1 0 1 1 1 1 0 1 0 0 0 0 0 1 1 0 1 1 1 0 1 1 1 0 0 0 1 0 1 0 0 0 1
 1 0 1 1 0 1 0 1 0 0 0 0 1 1 1 1 0 1 0 1 0 0 1 0 0 1 0 0 1 1 0 1 0 1 1 0 0 1 0 0 1 1 1 0 1 0 1 1 0 0 1 1 0 0 0 0 0 1 1 0 0 0 0 1 1 0 0 0 1 0 0 0 1 0 0 0 0 1 0 1 1 1 0 0 1 0 0 0 0 0 1 1 1 0 1 0 1 0 1 0
 0 0 0 1 0 1 0 0 1 0 1 0 0 0 1 1 0 1 0 0 1 1 0 1 0 1 1 1 0 0 1 1 0 0 0 0 1 0 1 0 0 1 0 1 1 0 1 1 0 0 0 1 0 1 1 0 0 0 1 1 0 1 1 0 0 0 0 1 0 1 1 1 1 0 1 1 0 1 1 1 0 0 1 1 1 1 0 1 1 0 1 1 0 0 0 0 0 1 1 1
 0 1 0 0 0 0 1 1 0 1 0 0 1 0 1 1 0 0 0 0 1 1 0 0 1 0 1 1 0 0 1 0 1 1 0 0 1 0 0 0 0 1 1 0 0 1 0 0 1 1 1 1 0 1 1 1 0 1 1 0 0 1 0 0 0 0 0 0 1 0 0 1 0 1 0 1 0 0 0 0 1 0 0 0 0 0 0 0 1 1 1 0 0 1 0 0 0 0 0 0
 1 1 0 1 0 0 0 0 1 0 0 0 1 1 0 1 0 0 1 0 1 0 0 1 0 0 1 0 1 1 0 0 0 1 0 1 0 1 0 0 0 0 0 0 0 0 0 0 0 0 0 1 0 0 0 1 0 0 0 0 1 0 1 0 1 0 0 0 1 0 1 0 0 0 0 0 0 1 0 1 1 1 0 0 1 0 0 0 0 0 0 1 0 0 1 0 1 0 1 1
 1 0 1 1 0 0 0 1 1 0 0 1 0 0 0 0 1 0 1 1 0 0 1 1 0 1 0 1 1 0 0 0 0 0 0 0 1 0 1 1 1 1 1 0 1 0 0 1 1 1 1 1 0 0 0 0 1 0 0 1 0 0 1 0 0 0 0 1 1 1 0 0 1 0 0 1 1 1 1 0 0 1 0 1 1 1 0 1 1 0 1 0 0 1 0 1 0 1 1 0
 1 0 0 0 0 1 0 1 0 1 1 0 1 1 1 1 0 0 0 0 0 0 0 1 1 1 1 0 0 1 0 0 0 0 1 1 0 1 1 0 0 1 0 1 0 0 0 0 0 0 0 0 0 0 0 1 1 0 0 1 0 1 1 1 0 0 0 0 0 1 1 1 1 1 0 0 0 0 1 0 0 0 0 0 0 1 0 1 0 1 1 1 0 0 1 1 1 0 1 1
 1 0 1 1 1 1 1 0 0 0 0 1 0 0 1 0 1 0 0 0 0 0 1 0 0 0 0 1 0 1 1 0 0 0 1 1 1 0 1 0 1 1 0 0 1 1 1 0 1 1 0 1 0 1 1 0 1 0 0 1 0 0 0 0 1 1 0 0 1 0 1 1 0 0 0 1 0 0 1 0 0 0 0 1 0 0 1 0 1 0 1 0 0 0 0 1 1 0 0 0
 0 0 0 0 0 1 0 1 0 0 1 1 1 0 0 0 1 0 0 1 1 1 1 0 1 0 0 1 0 0 0 0 1 1 0 1 0 0 1 1 0 0 1 1 1 1 0 1 0 1 1 1 1 1 0 0 0 1 0 0 0 1 1 0 0 0 1 0 0 1 0 0 0 1 0 0 0 0 1 0 0 0 0 0 0 0 0 1 1 0 0 0 0 1 0 1 1 0 0 0
 0 0 0 0 0 1 1 0 0 0 1 1 1 0 0 1 0 0 1 1 0 0 0 0 1 1 1 0 0 0 1 0 1 1 1 0 0 0 0 1 0 0 1 1 0 0 0 1 0 0 0 0 1 0 1 1 0 0 1 1 1 1 1 0 1 1 1 0 1 1 1 0 1 1 0 1 0 0 1 0 0 1 0 1 0 0 0 0 0 0 0 0 0 0 0 1 0 1 1 1
 0 0 1 0 0 1 0 0 0 0 1 0 1 0 0 1 1 0 0 0 0 0 0 0 0 1 0 0 1 1 0 1 0 1 0 0 0 1 0 1 1 1 0 1 0 0 0 0 1 0 0 0 0 1 1 0 1 0 0 0 1 0 0 0 1 1 0 1 0 1 1 0 0 1 0 0 0 0 0 0 1 1 0 1 1 1 1 0 0 0 0 0 0 0 0 0 1 0 1 1
 1 0 0 1 1 1 0 1 0 0 0 1 0 0 0 0 0 1 1 1 0 0 0 1 1 1 1 1 0 0 1 0 1 0 0 0 1 0 0 1 1 1 0 1 0 1 0 0 0 1 1 0 0 0 0 0 1 0 0 1 0 0 0 1 0 0 1 1 0 0 0 1 1 1 0 0 0 0 1 1 0 0 1 0 0 1 0 0 0 0 1 0 0 1 0 0 1 1 0 1
 0 0 0 0 0 1 0 0 0 1 1 1 0 1 1 0 1 0 0 1 1 0 0 0 0 0 0 0 1 0 0 1 1 1 1 0 0 0 0 0 0 0 0 0 1 0 0 1 1 1 0 1 1 0 0 0 1 1 1 0 0 0 0 0 1 0 0 0 1 0 1 0 1 0 0 0 1 0 0 0 0 0 0 0 0 0 0 1 0 0 0 0 0 0 0 0 1 1 0 1
 0 0 0 0 0 0 0 1 1 1 1 1 0 0 1 0 1 0 1 1 1 0 0 1 1 1 0 0 0 0 0 1 0 0 1 1 1 1 0 0 0 0 1 0 1 0 1 1 1 1 0 0 1 0 1 1 0 1 1 1 1 0 0 1 1 0 0 0 1 0 0 1 1 0 0 1 0 1 1 0 0 1 0 1 0 0 0 1 0 0 0 0 0 0 0 0 0 0 0 1
 0 1 1 0 1 0 0 1 1 0 1 0 0 1 0 0 1 1 0 1 1 1 0 1 0 0 0 1 0 0 0 1 0 1 0 0 1 1 0 0 0 1 0 0 0 1 1 0 1 0 1 0 0 0 0 0 0 1 0 0 1 1 0 0 0 1 0 0 1 0 1 0 1 0 1 1 0 1 0 1 1 0 0 0 1 0 0 1 0 0 1 0 1 0 0 0 1 1 0 0
 1 1 1 0 0 1 0 0 0 0 1 0 1 0 0 0 0 1 0 1 1 1 0 1 1 1 0 1 1 1 0 1 1 1 0 0 1 1 0 0 1 0 0 0 0 1 0 1 0 0 1 1 1 0 0 1 0 1 1 0 1 1 0 0 0 0 1 0 0 1 0 0 0 1 0 0 1 0 0 0 0 1 0 0 1 0 1 1 1 0 1 0 1 1 1 0 0 0 0 0
 0 1 1 0 1 0 1 0 1 0 0 1 0 0 1 1 0 0 0 0 0 0 1 0 0 0 1 1 0 1 0 1 0 0 1 1 0 0 0 1 0 0 0 1 0 0 1 1 1 1 0 1 0 0 1 0 0 0 0 0 0 0 0 0 0 1 0 1 0 0 0 0 1 0 0 1 1 0 1 0 1 1 0 0 0 0 1 0 0 0 0 0 0 0 1 0 0 0 1 1
 0 1 0 1 0 0 0 0 0 1 0 1 0 1 1 0 0 0 1 0 1 1 0 1 0 1 0 0 1 0 0 0 1 0 1 1 1 1 0 0 0 0 1 0 1 0 0 0 1 0 0 0 0 1 1 0 0 1 0 1 1 1 0 0 1 1 1 1 0 0 1 1 1 1 1 0 0 1 0 0 1 1 0 1 1 0 0 1 1 1 1 0 0 0 1 0 0 0 0 1
 0 1 1 1 0 0 1 0 0 0 0 0 0 1 1 1 1 0 0 1 0 1 1 1 0 0 0 1 1 0 0 1 0 1 1 0 0 0 1 1 0 0 0 1 0 1 0 0 1 0 1 1 0 1 1 1 1 1 1 1 1 0 1 1 0 0 1 1 0 1 1 1 0 0 0 0 0 1 1 0 0 1 0 1 0 0 0 0 1 0 0 1 1 0 0 0 1 1 0 1
 1 0 1 0 0 1 0 1 0 0 0 1 0 0 1 0 1 0 1 0 0 0 1 1 0 0 1 0 0 1 0 0 0 1 1 0 0 1 0 0 1 1 0 0 1 0 1 0 0 0 1 1 1 0 0 0 1 0 0 1 0 0 1 1 1 0 1 1 1 0 1 0 0 1 1 1 0 1 1 0 0 1 0 0 1 1 0 1 0 1 0 1 1 0 0 0 1 0 1 0
 0 0 1 0 0 0 1 1 0 1 1 0 1 1 0 0 0 0 0 1 1 0 0 1 0 1 0 1 1 0 0 0 0 1 0 0 0 0 0 1 1 0 1 0 0 1 0 0 0 1 0 1 0 0 1 1 1 1 0 0 0 1 1 0 0 0 1 0 1 0 1 0 0 0 0 0 0 0 1 0 0 0 0 1 1 1 0 1 1 1 0 0 1 0 1 0 0 1 1 0
 1 0 1 1 1 1 1 0 0 1 1 0 0 0 0 0 1 0 0 1 0 1 0 0 0 1 1 1 1 0 0 1 0 0 1 1 0 0 1 1 0 1 1 0 0 0 0 0 1 1 0 1 1 0 0 1 0 0 1 0 0 0 0 0 1 0 0 1 0 0 0 1 1 0 1 1 0 1 0 0 0 0 1 0 0 1 0 0 0 0 0 0 1 1 1 0 0 0 0 1
 1 0 1 1 1 1 0 0 1 0 0 1 0 1 1 1 0 0 0 1 1 0 0 0 1 0 0 0 0 1 0 1 0 1 0 0 1 0 1 1 1 0 1 1 1 0 0 1 0 1 1 1 1 0 1 1 1 1 0 0 0 0 1 1 0 1 0 1 0 0 1 1 1 0 1 1 1 1 0 0 0 0 0 0 0 0 0 0 1 1 1 0 1 1 0 1 0 0 0 0
 1 0 1 1 1 1 0 0 0 1 1 1 0 0 0 1 1 0 0 0 0 0 1 1 1 1 1 0 0 1 0 1 0 1 1 0 0 1 1 1 0 0 1 0 0 0 1 1 1 0 1 0 0 0 0 1 0 1 1 0 0 0 0 0 1 1 1 0 0 1 1 0 0 0 1 1 1 1 0 0 0 0 0 0 0 0 0 1 1 0 0 0 1 1 0 0 1 1 0 0
 0 0 0 1 1 1 0 0 0 1 0 0 0 0 1 0 1 0 0 0 0 1 1 1 1 0 0 1 0 1 0 1 0 0 1 0 0 1 0 0 1 1 0 0 1 1 0 0 1 1 0 1 1 0 1 0 0 0 1 0 1 0 0 0 0 0 0 0 1 1 0 0 1 0 1 0 1 0 0 0 0 1 1 0 0 0 1 1 1 0 0 1 0 1 0 0 1 1 1 1
 0 0 0 0 0 0 1 0 0 0 1 1 0 0 0 1 0 0 0 0 0 1 0 0 1 0 1 1 1 1 1 1 0 1 1 0 0 0 1 0 0 1 1 0 1 1 1 1 1 0 1 0 0 0 1 0 1 0 1 0 0 1 0 0 1 0 1 0 0 1 0 0 1 1 1 0 1 0 0 0 0 1 1 0 0 1 0 1 0 0 1 0 0 1 1 1 0 1 0 1
 0 0 1 0 0 0 1 0 0 0 1 0 1 1 0 0 1 1 1 1 0 0 0 0 1 1 0 0 0 0 0 0 0 0 1 1 0 0 1 1 0 1 0 0 0 1 0 1 1 0 1 0 0 1 1 1 1 0 0 1 1 1 1 1 0 0 1 1 0 1 0 0 0 1 0 1 0 1 0 0 0 1 1 0 0 1 0 1 1 0 1 0 0 0 1 1 1 1 1 1
 0 1 1 1 0 1 0 0 0 0 0 0 0 0 0 1 1 0 1 1 0 0 0 0 0 0 1 0 1 1 0 0 0 1 1 0 1 0 0 0 0 0 0 1 1 0 0 0 0 0 0 0 1 0 1 1 0 0 1 0 0 1 1 1 0 0 0 1 1 0 0 1 0 1 0 0 0 0 0 0 0 1 0 1 0 0 0 1 1 0 1 0 1 0 0 0 1 1 1 0
 0 0 0 1 1 0 1 0 0 0 0 0 0 0 0 0 1 0 1 1 0 0 1 1 0 1 0 0 1 1 0 0 0 1 0 1 1 0 0 1 0 0 1 1 1 0 1 0 1 0 1 1 1 1 0 1 0 1 0 1 1 0 0 0 0 0 0 0 0 0 1 1 1 0 0 0 0 0 1 0 0 0 1 1 0 0 0 0 1 0 1 0 0 1 0 1 0 0 0 1
 0 0 1 0 0 0 1 0 0 0 1 0 1 0 1 0 0 0 0 0 1 1 0 1 1 1 1 0 0 1 1 0 1 0 0 1 0 0 0 1 0 1 0 0 1 0 1 1 1 1 0 0 1 1 1 0 0 0 1 1 0 0 0 0 0 1 0 0 1 1 0 0 0 0 0 0 0 0 1 1 0 1 0 1 1 0 0 0 0 0 1 1 0 1 0 1 1 0 0 0
 0 0 1 0 1 0 1 0 0 0 1 0 1 1 1 0 1 0 0 0 1 0 0 0 0 1 1 0 0 0 0 1 1 1 0 0 1 1 1 0 0 0 0 0 1 1 1 0 1 0 0 1 1 0 0 0 0 1 1 1 1 1 0 0 1 0 1 1 1 1 0 0 0 1 0 0 1 0 0 0 0 0 0 0 0 0 0 0 0 1 0 1 1 1 0 0 1 1 1 1
 1 0 0 1 1 0 0 1 0 1 0 0 0 0 0 0 0 0 0 1 0 0 0 0 0 1 1 1 0 1 0 0 0 0 1 0 0 0 1 1 1 1 0 1 1 0 1 0 1 1 0 0 0 0 1 0 1 0 1 0 0 0 0 1 0 1 1 1 0 0 1 0 0 0 1 0 1 0 0 0 0 1 1 0 0 1 0 0 1 1 1 0 0 0 0 0 0 0 0 0
 0 0 1 0 1 0 1 1 0 0 1 0 1 0 1 0 0 1 1 0 0 0 1 1 0 1 1 1 1 1 0 0 0 0 0 1 0 0 1 1 0 1 0 0 1 0 0 1 0 1 1 1 0 1 0 1 1 1 0 1 0 1 0 0 0 1 0 1 0 1 0 1 0 0 0 0 0 1 0 0 0 1 1 0 1 0 0 1 1 1 0 0 0 0 0 0 1 0 1 0
 0 0 0 0 0 0 0 0 0 0 1 1 1 0 1 0 0 0 1 1 1 1 0 0 0 1 0 0 1 0 0 1 1 1 0 1 0 1 0 1 0 0 0 1 1 1 0 0 0 0 0 0 1 0 1 1 1 0 1 0 0 1 0 0 0 0 0 0 0 0 0 0 1 0 0 1 0 1 0 0 1 0 0 0 1 1 1 0 0 0 1 1 0 0 0 1 1 0 0 0
 0 0 0 0 0 1 0 0 0 0 0 0 1 1 1 1 0 1 0 0 0 0 1 1 1 1 0 0 0 0 1 0 0 0 0 1 1 0 0 1 1 1 0 1 1 0 0 0 0 0 1 0 1 0 1 0 1 0 0 0 0 0 0 0 1 1 1 1 1 0 0 1 0 0 0 0 0 1 1 1 0 1 1 1 0 1 1 0 1 0 0 1 0 0 0 1 1 1 1 0
 0 0 1 0 1 0 0 1 1 1 1 0 1 0 1 0 1 0 0 1 1 0 0 0 0 1 1 0 1 1 0 0 1 0 1 1 0 0 0 0 1 1 0 1 0 0 1 0 0 0 0 1 1 1 0 0 1 0 1 1 0 0 0 1 1 0 0 1 0 1 1 0 0 0 1 0 0 1 0 1 0 1 1 0 1 0 0 0 0 1 0 0 0 1 1 0 0 1 1 0
 0 0 1 1 0 1 1 0 0 0 0 1 1 1 1 0 0 0 1 1 0 0 1 0 0 0 0 0 1 0 1 1 1 0 1 1 0 0 0 0 0 0 0 0 1 1 1 0 1 0 0 0 1 1 0 0 0 0 0 0 0 0 0 0 1 0 0 0 0 0 1 1 0 1 1 0 0 0 0 0 0 1 0 1 0 1 0 0 0 0 0 0 1 0 0 0 1 0 1 0
 1 0 1 0 1 0 0 0 1 1 0 1 0 1 0 0 1 0 0 0 0 0 0 0 0 0 0 1 0 0 0 0 1 0 0 0 0 1 0 1 0 0 0 0 1 1 0 0 1 0 0 0 1 1 0 0 0 1 0 0 0 1 0 0 0 0 0 1 0 1 1 0 1 0 1 0 0 1 1 0 0 0 0 0 0 0 0 1 1 0 0 1 1 0 0 1 0 0 0 0
 0 1 1 0 0 1 0 1 1 0 1 0 0 0 1 0 0 1 0 0 1 0 0 1 0 0 1 1 0 0 1 0 0 1 0 1 1 0 1 1 0 0 0 1 0 1 0 1 0 1 0 1 0 0 0 0 1 0 0 0 1 1 1 0 0 1 0 1 1 0 0 1 1 0 0 0 0 1 1 0 0 0 0 0 1 0 0 0 1 0 0 0 0 0 1 1 1 0 1 1
 1 1 0 1 1 0 0 0 1 0 0 0 0 0 1 1 0 1 0 0 0 0 0 1 1 1 1 0 0 0 0 0 0 1 0 1 1 0 0 0 1 0 1 1 0 0 0 0 1 1 0 0 0 0 0 1 0 1 1 0 1 0 0 0 1 0 0 0 1 0 0 0 0 0 1 1 0 1 0 0 1 0 0 1 0 1 0 1 1 1 1 0 0 1 0 0 0 1 1 1
 0 0 0 1 0 0 1 0 0 1 0 0 0 0 0 1 1 0 1 0 0 0 1 0 0 0 1 0 0 0 0 0 0 0 1 1 0 1 0 0 0 1 0 1 1 1 1 0 0 1 0 1 1 0 0 0 1 1 0 0 1 0 0 0 0 0 0 0 1 0 1 1 0 1 0 0 0 0 0 0 1 0 1 0 0 0 1 0 0 0 1 1 1 1 0 0 0 1 1 0
 1 1 0 1 0 0 1 1 0 0 1 1 0 1 0 0 1 0 0 1 0 0 1 0 1 1 1 0 1 0 0 1 0 0 0 0 1 1 0 0 0 0 1 1 1 1 0 1 1 0 0 0 1 1 0 0 1 1 1 0 1 1 0 1 1 0 0 0 0 1 1 0 0 0 0 0 1 1 1 0 0 1 1 1 1 0 0 1 1 1 0 1 0 0 1 0 1 0 0 1
 0 1 0 1 1 0 0 1 0 0 0 0 1 0 0 1 1 1 0 0 0 0 1 1 0 0 0 1 0 1 1 1 0 1 0 1 0 0 1 1 1 0 0 0 0 1 1 0 0 0 1 0 0 1 0 1 1 0 0 0 1 0 0 0 1 1 1 0 0 0 0 0 1 1 0 0 1 1 1 0 0 0 1 0 0 1 0 0 0 1 0 0 1 1 1 0 0 0 0 1
 0 0 0 1 1 1 1 0 0 1 0 0 0 0 0 1 0 1 0 0 0 1 0 0 1 1 1 0 1 0 0 1 1 0 1 1 1 0 0 0 0 1 0 0 1 0 0 0 0 1 1 1 1 0 0 1 1 0 1 0 0 1 0 1 0 0 0 1 0 0 1 0 1 0 0 0 1 0 0 1 1 1 0 1 1 1 0 0 0 0 1 1 1 0 0 0 1 0 0 1
 1 1 0 0 1 0 0 1 1 0 1 0 1 0 0 0 1 0 1 0 0 0 0 1 1 0 1 0 1 0 1 0 1 1 0 1 1 0 1 0 1 0 0 1 1 1 1 0 1 1 0 0 0 0 1 0 0 1 0 0 0 1 1 1 0 0 1 1 0 1 0 1 0 0 0 1 0 0 1 0 0 0 0 0 0 0 1 1 0 0 0 0 0 0 1 0 1 0 1 0
 0 1 0 1 0 0 0 0 1 1 1 1 0 0 1 1 0 1 1 0 0 1 1 0 0 0 1 0 1 1 0 0 1 1 0 0 0 1 0 1 0 0 0 1 1 0 0 1 1 0 0 0 0 1 1 0 0 0 1 0 1 0 1 0 1 0 1 0 0 0 1 0 0 0 0 1 1 1 0 1 1 0 0 1 0 0 0 0 0 0 0 0 0 1 1 1 0 1 0 0
 0 1 0 0 1 1 0 0 0 1 1 0 1 1 1 0 1 0 1 0 0 0 0 1 0 0 1 1 1 0 0 1 1 0 0 1 0 1 1 1 1 0 1 1 0 0 0 1 1 0 1 1 0 0 1 0 0 0 0 1 0 0 0 1 1 0 0 0 1 1 0 0 0 0 0 0 1 1 0 0 0 1 0 0 0 0 1 0 0 0 0 0 1 0 1 1 0 1 0 0
 1 0 1 0 0 0 0 0 0 0 0 1 0 1 1 0 1 1 0 0 0 0 0 0 0 0 0 0 0 1 0 0 1 0 1 1 1 1 0 0 0 1 0 1 0 1 0 0 0 0 0 1 1 1 0 0 1 0 0 0 0 0 1 0 0 0 1 0 1 0 0 0 0 0 0 1 0 0 0 0 0 0 1 1 0 0 0 0 1 1 0 0 0 0 0 1 0 0 0 0
 0 0 1 0 0 0 1 0 1 0 0 0 1 0 0 0 1 0 0 0 1 1 1 0 0 0 1 0 1 0 0 0 0 0 0 0 0 0 0 0 1 0 0 1 0 1 0 1 1 1 1 1 0 0 0 0 0 1 0 0 0 1 1 1 0 1 0 0 0 0 0 0 0 0 0 0 0 1 0 0 1 0 1 0 1 0 1 0 0 1 0 1 0 0 0 1 1 0 0 1
 0 0 1 1 0 0 0 0 1 0 1 0 1 1 0 0 1 0 0 0 0 0 1 1 0 1 0 0 1 1 0 1 0 1 0 1 0 0 0 1 1 0 1 0 0 1 0 1 1 1 0 0 1 0 0 0 0 0 0 1 0 0 0 0 0 1 0 0 0 0 1 1 0 1 0 0 0 1 0 0 1 1 0 1 1 0 1 1 0 1 1 1 0 0 1 0 0 0 0 0
 1 0 0 0 0 0 0 0 1 0 0 1 0 0 1 0 1 1 1 0 0 0 1 0 0 1 0 0 0 0 0 1 0 0 0 0 0 0 1 0 0 1 1 0 0 0 0 0 1 1 1 1 0 0 0 0 1 1 0 0 0 0 0 0 0 0 0 1 1 1 0 1 1 0 0 0 0 0 0 0 1 0 0 0 1 0 1 0 0 1 0 0 0 0 0 0 0 0 1 1
 0 0 1 1 0 0 0 0 1 0 0 0 0 1 0 0 1 1 0 1 0 0 1 1 0 1 0 1 1 0 1 1 0 0 0 0 0 0 0 1 1 0 0 1 1 1 0 1 1 1 0 0 1 0 0 0 0 0 1 1 1 1 0 1 1 1 0 1 1 0 0 1 1 0 1 1 0 0 0 1 0 1 1 1 0 0 1 0 0 0 1 0 0 0 0 0 0 1 0 1
 1 0 0 1 0 0 0 1 0 0 0 0 0 1 1 1 1 1 0 1 1 0 0 1 0 0 0 0 1 0 0 1 1 1 1 1 0 1 0 1 0 0 1 0 1 1 1 0 0 0 0 0 0 0 1 1 0 0 0 0 1 0 0 1 1 0 0 1 1 0 1 0 0 0 0 0 0 0 0 0 0 1 1 0 0 0 1 1 1 1 0 0 1 1 0 0 0 0 1 0
 1 0 1 1 0 0 1 0 0 0 0 0 0 1 1 1 0 1 1 0 1 0 0 1 1 1 0 1 1 0 1 0 0 0 0 0 0 1 0 0 1 0 0 0 0 0 0 0 0 0 0 0 0 0 0 1 0 0 0 0 1 1 0 0 0 0 0 0 0 1 0 1 0 0 0 0 0 1 0 0 0 0 1 0 1 1 0 1 1 1 0 0 0 0 0 0 0 1 0 1
 1 1 1 0 1 0 0 1 1 0 0 1 0 0 0 1 0 0 0 0 0 0 0 0 0 0 1 1 0 1 1 0 0 0 0 0 1 0 0 0 1 0 1 1 0 0 0 0 0 0 0 0 0 0 0 0 0 0 0 1 0 0 0 0 0 1 1 0 0 1 0 1 0 0 1 1 1 0 0 0 0 0 0 0 0 0 0 0 0 1 0 1 0 1 0 1 0 0 0 0
 0 0 0 1 0 0 0 0 0 0 0 0 0 1 1 1 0 1 0 1 0 0 0 0 0 0 1 1 0 0 1 1 0 0 0 1 1 0 0 1 0 1 1 1 1 1 0 0 0 0 1 1 1 1 0 1 0 1 1 0 1 1 1 0 0 0 0 1 0 1 0 0 1 0 0 1 0 1 1 0 0 0 1 1 0 1 1 0 0 0 0 0 0 0 0 1 0 1 0 0
 0 0 0 1 0 0 1 0 1 1 0 1 0 0 0 1 0 0 0 1 0 0 1 0 0 0 0 0 1 0 0 0 0 0 0 0 0 1 0 0 0 0 0 0 0 0 0 1 0 0 1 1 1 0 1 0 0 1 1 0 1 1 0 0 0 0 1 1 1 0 0 0 0 1 1 0 0 1 1 1 0 1 0 1 1 1 1 1 0 0 1 1 1 1 1 0 0 1 0 0
 1 0 0 1 1 0 1 1 1 1 1 0 0 1 1 1 1 1 1 1 1 1 1 0 0 1 1 0 1 0 0 1 0 1 0 1 1 0 0 1 0 0 0 1 1 0 1 0 0 0 0 0 0 1 1 1 0 0 0 0 1 0 1 0 0 1 0 1 0 1 0 1 0 1 0 1 0 1 0 0 0 1 1 0 0 1 0 0 0 0 0 0 0 1 0 1 0 0 0 1
 1 1 0 0 1 0 1 0 0 0 1 0 1 1 0 1 1 1 0 1 0 0 0 0 0 0 1 1 1 0 1 1 0 0 0 0 1 0 0 0 1 1 0 1 0 1 1 0 0 0 0 0 0 0 0 1 0 0 1 1 0 1 0 0 1 0 0 1 0 1 0 0 0 0 1 1 1 0 0 1 0 0 1 0 0 0 1 0 0 1 1 1 0 1 1 0 1 1 0 1
 0 1 0 0 1 1 0 0 1 0 1 0 1 0 0 1 1 1 1 0 0 1 0 0 0 1 1 0 1 0 0 1 1 0 0 0 1 1 0 0 0 0 0 0 0 1 1 1 0 0 0 1 1 0 0 0 0 1 0 1 1 0 1 0 0 1 0 0 1 1 0 0 0 0 0 0 0 0 0 1 0 1 1 1 0 0 0 0 0 0 1 0 1 0 0 0 0 0 0 1
 1 0 0 0 1 1 1 1 1 1 0 0 0 0 0 1 1 1 0 1 1 1 1 0 0 0 0 0 0 0 0 0 0 1 0 0 1 0 0 0 0 1 1 0 0 0 0 0 0 0 1 0 0 0 0 0 0 0 0 1 1 0 0 0 0 0 1 0 0 0 1 0 1 0 1 1 1 1 1 0 0 1 1 0 1 0 0 1 1 0 1 0 0 0 1 1 0 1 0 0
 0 1 0 0 0 0 0 1 1 0 0 0 1 0 1 0 1 0 0 0 0 1 1 0 0 0 1 0 1 0 0 1 1 0 1 0 0 0 1 1 1 1 0 1 0 1 1 0 0 1 1 1 1 1 0 0 0 0 1 0 0 0 0 1 0 1 0 1 0 0 1 0 0 0 0 1 0 0 1 1 0 0 1 0 0 0 1 0 0 0 1 1 1 0 1 1 1 0 1 0
 0 1 0 0 0 0 0 1 0 0 0 1 0 0 0 0 0 0 0 0 0 1 0 1 1 1 1 0 1 1 0 1 0 1 1 0 0 0 0 0 0 1 0 1 1 0 1 0 1 1 1 0 1 1 1 0 0 1 1 0 1 0 0 1 1 1 0 1 0 0 0 0 0 1 0 0 0 0 1 1 0 0 0 0 0 0 1 0 0 1 1 1 0 0 0 0 1 0 1 1
 1 0 0 1 1 1 1 0 1 1 0 1 0 1 0 0 0 0 1 0 1 0 1 1 1 0 1 0 0 1 0 0 1 0 0 0 0 0 0 0 0 0 0 1 0 1 1 0 1 0 0 0 0 0 0 0 1 1 1 0 0 1 0 0 0 1 0 1 1 0 0 0 0 1 1 1 1 0 1 1 1 0 0 0 1 0 0 0 1 0 1 0 1 0 0 0 1 0 0 0
 0 0 0 0 0 0 0 0 1 1 0 1 0 0 1 1 1 1 0 0 0 0 0 1 0 0 0 1 1 1 0 1 1 1 0 0 0 1 0 0 1 1 0 1 0 0 0 0 1 0 0 1 1 1 1 1 0 1 0 1 0 0 0 0 0 1 1 0 0 1 0 0 0 0 0 1 0 1 0 0 0 0 1 0 1 1 1 1 1 1 0 0 1 0 1 1 0 1 1 0
 1 1 1 0 1 0 1 0 1 0 0 1 1 1 0 1 0 0 1 0 1 0 1 0 1 1 0 1 1 0 1 0 1 0 0 0 0 0 0 0 0 0 0 0 1 1 0 0 0 0 1 0 0 0 0 1 1 0 0 1 1 0 0 1 0 0 1 1 0 1 0 0 0 0 1 1 0 0 0 0 1 0 1 0 1 0 0 1 1 0 0 0 1 0 0 1 1 0 0 0
 0 1 0 0 1 1 0 0 0 0 1 0 1 1 0 0 1 0 0 0 0 0 1 1 0 0 0 1 0 0 0 0 0 0 0 0 0 0 0 0 1 1 0 0 1 1 1 1 1 1 0 0 0 1 0 0 1 0 0 0 0 0 1 1 0 0 1 0 1 1 0 0 1 0 0 0 0 0 1 0 0 0 1 0 0 1 0 1 0 1 1 1 0 0 0 0 1 0 1 1
 0 1 1 1 1 1 1 1 0 0 0 0 0 1 0 0 0 1 1 0 0 1 1 0 0 0 1 0 0 1 0 1 0 0 1 0 0 1 0 0 0 1 0 0 0 0 0 1 1 1 1 1 0 0 1 1 1 0 0 0 0 1 0 0 0 1 1 0 1 0 0 1 0 0 0 0 0 0 1 0 1 0 1 1 1 0 0 0 0 0 0 0 0 0 0 0 1 0 1 0
 1 1 1 0 0 1 0 1 1 1 1 0 0 1 0 0 0 0 0 1 1 0 0 1 1 0 0 1 0 0 1 0 1 0 0 0 0 0 0 0 0 1 1 1 0 0 1 1 0 0 0 1 1 0 0 0 0 0 0 0 0 1 0 0 1 0 0 1 1 0 1 1 1 0 0 1 0 0 0 0 0 0 1 0 1 0 1 1 0 0 1 0 0 0 0 0 1 0 0 1
 0 0 0 0 0 0 1 1 1 0 0 1 0 0 0 0 1 0 0 0 1 1 0 1 0 0 1 0 0 0 0 1 1 1 1 1 0 0 0 0 0 0 0 0 0 0 0 0 1 0 0 1 1 0 1 1 0 0 0 1 1 0 0 1 1 0 0 0 0 0 0 1 1 1 1 0 0 0 0 0 1 1 0 1 0 0 1 1 0 0 1 1 0 0 0 0 0 0 0 1
 1 1 0 1 0 0 0 0 0 0 1 0 0 1 0 0 0 1 1 1 1 1 1 0 0 1 0 1 0 0 1 0 1 1 1 0 1 1 1 0 1 0 0 0 1 1 0 0 0 1 1 0 1 1 0 1 1 0 1 1 1 0 1 0 1 0 0 1 0 1 1 0 0 0 1 0 0 0 0 0 0 0 0 0 1 0 0 1 1 1 0 1 1 1 1 0 0 0 1 0
 1 0 0 1 0 0 0 0 1 0 0 0 1 0 0 0 0 0 1 1 0 0 0 0 1 0 0 0 1 0 0 1 0 0 0 1 0 1 1 0 1 0 0 0 1 0 1 0 0 1 1 1 1 1 0 0 1 0 0 0 1 1 0 0 0 1 1 0 0 0 0 1 1 0 0 0 0 1 0 1 0 1 1 0 1 0 1 0 0 0 1 0 0 0 0 0 0 0 1 1
 1 1 0 0 0 0 0 0 1 0 1 0 1 1 1 1 1 1 1 0 0 0 0 0 1 0 0 1 1 0 1 1 1 0 0 1 1 0 0 0 0 0 1 0 0 1 1 0 0 0 1 0 1 1 0 0 1 0 1 0 1 1 1 0 1 1 1 0 0 0 1 0 0 0 0 0 1 0 1 0 0 0 0 0 0 0 0 1 1 0 1 0 1 1 0 0 1 1 0 0
 1 1 1 0 0 0 1 0 0 0 0 1 0 1 1 0 0 0 1 1 1 1 1 1 1 0 1 0 1 0 1 0 1 0 0 1 1 1 1 1 0 0 1 1 1 0 0 1 0 0 1 1 1 0 1 0 1 0 0 0 0 0 0 0 1 1 0 1 1 1 0 0 0 0 1 0 1 1 0 1 0 0 0 1 1 1 0 0 1 0 0 0 1 0 1 1 0 1 0 0
