100
   69   22   54   62   58  107  109   28   78   96   75   57   20   33   51  112  117   50   65  117   21   73   26   51   54   87  107   80   28   73  110   98   61  106   53   76   40   40   89   28  119   67   60  103   87   41   21  115  103   35   96   69  105   43   24   99   84   73   79   65   98   32   60   63  105   95   44   88   33   65   25  104   29   96   62   31   91   76   45   66   28   45   42   73   50  113   95   30   91   34   99   44   91   77   50  120   93   32   59   86
 0 0 0 1 0 0 1 1 0 1 1 1 0 0 0 1 1 1 0 0 1 1 1 0 0 0 1 1 1 1 0 0 1 0 0 0 0 1 1 1 1 1 0 1 1 0 0 1 1 0 0 0 0 1 0 0 0 0 0 0 1 0 1 1 1 0 0 0 0 0 0 0 0 1 0 0 1 0 1 1 0 1 0 0 0 0 1 0 1 0 1 0 1 0 0 0 1 0 0 0
 0 0 1 0 0 0 1 1 0 0 0 0 1 1 1 0 0 1 1 0 0 0 1 0 0 1 0 0 0 1 0 1 0 0 0 1 0 0 0 0 1 1 0 0 0 0 0 0 1 1 1 0 1 1 1 0 0 0 0 1 1 0 1 0 0 0 1 0 0 0 0 0 0 0 0 1 0 1 0 1 1 0 0 0 0 0 0 0 1 0 0 1 0 0 0 0 0 1 0 1
 0 1 0 1 0 0 0 0 0 1 0 0 0 0 1 0 0 1 0 1 0 1 1 0 1 0 1 1 0 1 1 0 1 1 0 0 0 0 0 0 0 1 1 1 0 0 1 1 0 0 1 1 0 1 1 1 0 0 0 0 1 0 1 1 1 1 0 0 0 0 0 0 1 1 1 0 1 0 0 1 1 0 0 1 0 0 0 1 1 0 1 1 0 0 0 1 1 0 1 1
 1 0 1 0 1 0 1 1 0 0 1 1 0 0 0 1 0 1 0 1 0 0 1 0 0 0 0 1 0 0 0 1 0 1 0 0 1 1 0 1 0 0 0 0 1 0 0 1 1 1 0 1 1 1 0 0 1 0 1 0 0 0 1 0 0 0 1 0 0 0 0 0 1 1 0 0 1 1 0 1 1 1 1 1 0 1 0 1 0 1 1 1 0 1 0 1 1 1 0 1
 0 0 0 1 0 0 0 0 0 1 0 0 0 1 1 0 1 0 1 0 0 0 0 0 1 0 0 0 0 0 1 1 1 1 1 0 0 1 1 0 0 0 1 0 0 1 1 0 0 0 1 0 1 0 1 1 1 0 0 0 0 0 0 0 0 1 0 1 1 1 1 0 1 0 0 0 0 1 0 1 1 0 0 1 0 1 1 0 0 1 0 0 0 0 0 0 0 1 1 1
 0 0 0 0 0 0 1 0 1 1 1 0 1 1 1 0 1 0 0 0 1 0 0 0 1 1 0 0 0 1 1 0 0 0 1 1 0 0 0 0 1 0 1 0 0 0 0 0 1 0 0 0 1 0 0 0 1 0 0 0 0 0 0 0 1 0 0 1 1 1 1 0 1 1 1 1 1 0 0 0 1 1 0 1 0 0 1 1 0 1 1 0 0 1 0 0 1 0 1 0
 1 1 0 1 0 1 0 0 0 1 1 0 1 1 1 0 1 0 0 0 0 0 0 0 0 0 0 1 1 0 1 1 1 1 0 0 0 1 0 0 1 0 1 0 0 0 1 0 0 0 1 0 0 0 1 0 1 1 0 0 0 0 0 0 1 0 1 0 1 1 0 1 1 0 0 1 0 1 1 1 0 1 0 1 1 1 1 0 0 0 0 1 0 1 0 0 0 1 1 0
 1 1 0 1 0 0 0 0 1 0 0 0 0 1 0 1 0 1 0 1 1 1 1 0 1 0 0 1 1 1 1 0 0 0 0 0 1 1 0 0 0 1 1 1 0 0 0 1 1 1 0 1 1 0 1 0 0 0 0 0 1 0 1 1 1 0 0 0 0 0 0 0 1 0 1 0 1 0 1 1 0 0 0 1 1 0 1 0 1 0 0 1 0 1 0 1 0 1 1 0
 0 0 0 0 0 1 0 1 0 0 1 0 0 0 0 0 1 0 1 1 0 1 1 1 0 0 0 1 0 0 0 0 1 0 1 0 1 1 1 1 1 1 1 0 0 0 1 1 1 0 0 1 0 0 0 0 0 1 1 0 0 1 0 0 1 0 1 0 0 1 1 0 0 1 1 1 0 1 1 1 0 0 0 1 1 1 1 0 0 0 0 1 1 0 0 1 1 1 1 1
 1 0 1 0 1 1 1 0 0 0 0 0 1 1 1 1 0 0 0 1 1 1 0 1 0 1 0 0 0 0 0 0 0 0 0 0 1 0 0 0 1 0 0 1 1 1 0 0 0 0 0 1 0 0 1 0 0 1 1 1 0 0 0 0 0 1 1 1 0 1 1 0 0 1 1 1 0 1 0 0 1 0 0 0 1 0 1 0 1 1 0 0 1 1 1 1 0 0 1 0
 1 0 0 1 0 1 1 0 1 0 0 1 1 1 0 0 0 1 1 0 1 0 1 1 1 0 0 0 1 1 0 0 0 0 1 1 0 0 0 1 0 0 0 1 0 1 0 0 0 0 1 0 0 0 1 1 1 0 1 0 0 1 0 0 0 0 1 0 1 1 1 1 1 0 0 0 0 0 0 1 1 0 0 0 0 1 1 1 0 0 0 0 1 1 0 0 1 0 1 0
 1 0 0 1 0 0 0 0 0 0 1 0 1 1 0 0 1 0 1 0 0 0 1 1 0 1 0 1 1 1 1 0 1 0 1 1 1 0 1 1 1 0 0 0 1 1 1 0 0 0 1 0 0 0 1 1 0 1 0 0 1 0 0 0 0 0 1 1 1 0 1 1 0 0 1 1 0 1 1 1 0 1 1 0 1 0 0 1 0 1 1 0 0 0 0 1 1 1 1 0
 0 1 0 0 0 1 1 0 0 1 1 1 0 1 0 0 0 0 0 0 0 0 0 1 1 1 0 0 0 1 1 0 0 0 1 1 1 0 1 0 0 0 0 0 0 0 1 0 0 1 0 0 0 1 0 1 0 1 0 1 0 0 0 0 0 0 1 0 0 0 0 0 0 0 0 0 1 0 0 0 0 1 1 0 1 0 1 0 1 0 0 0 0 0 1 1 0 0 0 1
 0 1 0 0 1 1 1 1 0 1 1 1 1 0 0 0 0 0 1 0 1 1 0 0 0 0 0 1 0 1 0 1 0 0 1 1 1 0 1 0 1 0 0 0 0 0 0 1 0 0 1 0 1 0 0 1 1 0 0 0 0 1 1 0 1 1 1 0 0 0 1 0 0 0 0 1 0 1 0 0 0 0 1 1 0 0 1 1 0 1 0 0 1 0 0 0 1 0 1 0
 0 1 1 0 1 1 1 0 0 1 0 0 0 0 0 0 0 0 0 0 0 0 0 0 1 0 1 1 0 1 1 1 0 0 1 0 1 0 0 1 0 1 0 1 0 0 1 0 1 1 0 1 0 1 0 1 0 1 0 0 1 1 0 0 0 0 0 1 0 0 0 1 0 1 0 0 1 0 1 0 0 1 0 0 1 0 0 0 1 0 0 0 0 1 0 0 1 0 1 0
 1 0 0 1 0 0 0 1 0 1 0 0 0 0 0 0 1 1 1 1 0 1 0 1 1 0 0 0 0 1 1 0 0 0 0 1 0 1 0 1 0 1 0 0 0 0 0 0 1 1 1 1 0 0 0 0 0 0 1 1 0 1 1 0 1 1 0 1 0 0 0 0 0 0 1 0 0 1 0 0 0 1 1 1 1 1 0 1 0 1 1 1 1 0 1 1 0 1 0 1
 1 0 0 0 1 1 1 0 1 0 0 1 0 0 0 1 0 0 1 0 0 0 0 1 0 0 1 0 0 0 0 0 0 1 1 0 0 0 0 1 1 0 0 1 0 1 0 0 0 1 0 0 0 0 0 1 1 1 0 0 0 0 0 0 0 0 1 0 1 0 1 0 0 0 0 0 0 0 1 0 1 0 0 0 1 0 1 1 1 1 1 1 0 0 0 0 0 0 0 1
 1 1 1 1 0 0 0 1 0 0 1 0 0 0 0 1 0 0 1 1 1 1 1 0 0 1 0 0 1 0 0 0 1 0 1 0 1 1 0 0 0 0 1 1 0 0 1 1 1 0 1 1 1 0 1 1 1 0 0 1 1 1 1 1 0 1 1 1 1 1 0 0 1 1 0 0 1 1 0 0 0 0 1 1 1 0 0 0 0 1 1 1 1 0 0 1 0 1 1 1
 0 1 0 0 1 0 0 0 1 0 1 1 0 1 0 1 1 1 0 0 0 0 0 0 0 1 1 0 0 1 0 1 1 0 1 1 1 1 1 1 0 1 0 0 0 0 1 0 0 1 0 1 1 0 1 1 0 1 1 0 1 0 0 0 0 1 0 0 0 0 0 0 0 0 0 1 0 1 0 0 1 0 0 0 1 0 0 0 1 0 0 0 1 1 0 1 0 0 1 1
 0 0 1 1 0 0 0 1 1 1 0 0 0 0 0 1 0 1 0 0 0 0 0 0 0 0 0 0 0 0 0 0 0 1 1 0 1 0 0 1 0 0 1 1 1 1 0 1 0 0 0 1 1 0 1 0 1 0 1 0 0 0 0 1 0 0 0 0 1 1 0 1 1 1 0 0 0 1 0 1 0 1 0 0 1 0 0 1 1 0 0 1 0 1 1 1 1 1 0 1
 1 0 0 0 0 1 0 1 0 1 1 0 0 1 0 0 0 1 0 0 0 0 1 0 1 1 1 0 1 1 0 0 1 0 1 1 0 0 1 0 1 1 0 0 0 1 0 0 1 0 1 0 0 0 0 1 0 0 0 0 0 1 0 0 0 0 0 0 1 1 0 0 0 0 1 1 0 0 0 0 0 1 1 1 1 0 1 0 0 0 0 0 0 0 1 0 0 0 0 0
 1 0 1 0 0 0 0 1 1 1 0 0 0 1 0 1 0 1 0 0 0 0 1 0 1 0 0 1 1 1 1 0 0 0 0 0 0 1 0 1 0 1 0 1 0 0 0 0 0 0 1 1 1 0 0 1 0 0 0 0 0 0 1 1 1 0 0 0 0 0 0 0 0 0 1 1 1 0 1 0 0 1 1 0 0 1 0 0 1 1 1 1 1 0 0 0 0 0 1 1
 1 1 1 1 0 0 0 1 1 0 1 1 0 0 0 0 0 1 0 0 1 1 0 0 1 1 0 0 0 1 0 1 0 1 0 1 0 0 0 0 0 1 0 0 1 0 0 1 0 0 1 1 1 1 0 0 1 0 1 1 0 1 1 1 0 0 0 0 1 0 0 0 0 1 1 0 1 0 0 1 1 0 0 1 0 1 1 0 0 1 0 1 0 0 1 0 1 1 0 0
 0 0 0 0 0 0 0 0 1 1 1 1 1 0 0 1 1 0 0 0 0 0 0 0 1 0 0 1 1 1 0 0 0 1 0 0 0 0 0 0 0 0 0 0 0 1 1 0 0 1 0 0 0 0 0 1 1 0 1 1 1 0 0 0 1 0 0 0 0 1 0 1 1 1 0 0 1 0 0 0 0 0 0 0 0 0 1 0 0 1 1 0 1 0 0 1 1 0 1 1
 0 0 1 0 1 1 0 1 0 0 1 0 1 0 1 1 0 0 0 0 1 1 1 1 0 0 0 0 0 0 1 1 1 1 0 1 1 1 0 1 1 0 0 0 1 1 1 0 1 1 0 1 0 0 0 0 1 0 0 0 1 1 0 1 1 1 1 0 0 0 1 0 0 0 1 0 0 1 1 1 0 0 0 0 1 1 0 0 0 0 0 0 0 0 1 1 1 0 0 0
 0 1 0 0 0 1 0 0 0 1 0 1 1 0 0 0 0 1 1 0 1 0 1 0 0 0 1 1 0 0 0 1 1 1 0 0 0 1 1 1 0 0 1 1 0 0 0 0 0 0 1 1 0 0 0 1 0 0 1 1 1 0 0 0 0 0 1 1 0 1 1 0 0 1 1 0 1 0 1 0 1 0 0 0 1 0 0 0 0 0 0 0 1 0 0 0 1 1 0 1
 1 0 1 0 0 0 0 0 0 0 0 0 0 0 1 0 1 0 1 0 1 0 0 0 0 1 0 0 1 0 0 0 0 0 0 0 0 0 0 1 1 1 1 0 0 0 1 1 0 0 0 1 1 0 0 1 1 0 1 1 0 1 1 1 0 1 0 1 1 0 0 0 0 0 0 0 0 0 0 0 0 1 0 0 1 0 0 0 0 0 0 1 0 0 1 0 0 1 1 1
 1 0 1 1 0 0 1 1 1 0 0 1 0 1 1 0 0 0 0 0 0 1 0 1 0 1 0 0 1 0 0 0 0 0 1 1 1 0 0 1 0 1 0 1 0 1 0 0 0 0 1 0 0 0 0 0 0 0 0 0 0 0 1 1 1 0 1 1 1 0 1 0 0 0 1 0 1 0 0 0 1 1 0 1 0 0 1 0 0 1 1 1 0 0 1 1 0 1 0 0
 1 0 0 0 0 0 1 1 0 0 1 1 0 0 0 0 0 1 0 0 1 1 0 1 0 0 1 1 0 1 0 1 0 1 0 0 1 0 0 0 1 1 1 1 1 0 0 0 1 0 0 0 0 1 1 0 0 0 0 1 0 0 0 0 0 1 0 0 0 1 0 0 1 1 1 1 0 0 1 0 1 1 0 0 0 0 0 0 0 0 0 0 1 0 0 0 0 1 0 0
 1 1 1 0 0 1 0 1 0 0 1 1 1 1 1 1 0 0 1 0 1 1 1 1 0 0 0 0 1 0 1 0 0 0 1 1 0 0 0 0 0 1 1 0 1 1 0 1 0 0 1 1 0 1 0 0 0 0 1 0 0 0 0 1 0 1 1 0 0 0 0 0 0 0 1 0 0 0 0 1 0 0 1 1 0 0 1 0 0 0 0 0 1 0 0 0 0 0 0 0
 0 0 1 0 1 1 1 1 0 0 0 1 1 0 1 1 0 0 0 0 0 1 0 0 1 0 0 0 0 1 0 0 1 1 0 1 0 0 0 1 1 1 0 0 1 0 1 0 1 1 1 1 0 1 1 0 0 0 0 1 0 0 0 0 1 1 0 0 0 1 0 1 0 0 0 0 1 1 1 1 1 0 1 0 0 1 0 0 1 0 0 0 1 0 0 1 0 0 1 0
 0 1 0 1 1 0 1 0 0 0 0 0 0 1 1 0 0 0 1 0 0 0 1 0 1 1 0 0 1 0 0 0 1 1 0 0 1 0 0 0 0 0 0 0 0 0 0 1 1 1 0 0 0 1 1 0 0 0 1 0 1 1 0 1 0 0 1 1 0 0 0 1 1 1 0 0 1 0 1 1 0 0 1 0 0 0 0 1 1 0 1 1 0 1 1 0 0 1 0 0
 1 0 1 0 1 0 1 0 1 0 0 1 0 0 0 0 0 1 1 0 1 0 0 0 1 1 0 0 0 0 1 1 0 0 1 0 1 0 1 0 0 0 0 0 1 1 0 1 0 1 0 0 1 1 0 1 0 0 0 1 1 0 0 0 0 0 1 0 1 1 1 1 0 0 0 0 1 1 1 0 1 0 1 1 1 0 1 1 0 1 0 1 1 0 0 0 0 0 0 1
 0 0 1 1 1 0 1 0 0 0 0 0 0 0 0 0 1 0 0 1 0 0 1 1 1 1 0 0 1 0 1 1 0 0 0 0 1 0 1 0 1 0 0 0 1 1 0 1 0 1 0 0 1 0 0 1 1 0 1 0 0 1 0 0 1 1 1 1 1 0 0 1 0 0 1 0 0 0 0 1 1 1 1 1 1 1 1 0 0 1 0 0 0 1 0 0 0 0 0 1
 0 0 0 0 1 1 0 0 1 0 1 1 1 1 1 0 1 1 1 1 1 0 0 0 0 0 0 1 0 1 0 0 1 0 0 0 0 0 1 1 0 1 0 0 1 0 1 0 0 1 0 0 0 1 1 1 0 0 0 1 0 0 0 1 0 0 0 0 1 1 0 1 1 0 1 0 1 1 0 0 1 0 0 0 1 0 0 0 1 1 1 0 0 0 1 0 0 0 0 0
 0 1 0 0 0 1 0 0 0 0 1 1 1 1 0 1 0 0 1 0 1 0 1 0 1 0 0 1 0 1 1 0 0 0 0 0 1 0 0 1 1 0 0 0 1 1 0 0 0 1 0 0 0 0 0 1 0 0 1 0 0 0 1 0 0 1 1 1 0 1 0 0 0 1 0 1 1 0 1 1 1 1 0 1 0 0 0 1 0 0 0 0 0 1 1 0 1 0 0 0
 0 0 0 1 0 0 0 1 1 1 0 1 1 1 1 0 0 1 1 1 0 0 0 0 1 0 0 1 1 0 0 1 1 1 0 1 0 0 1 0 0 1 1 0 0 0 1 0 0 0 1 1 0 1 1 1 0 0 1 1 0 0 0 1 0 0 0 0 0 1 1 1 0 1 0 0 1 0 1 1 0 0 0 0 0 0 0 0 0 1 1 0 1 0 0 0 0 0 1 1
 1 0 0 1 1 0 1 1 1 0 0 0 0 0 0 1 0 1 1 0 0 1 0 0 1 1 0 0 0 0 0 0 0 0 0 0 0 0 1 0 0 0 0 1 1 0 0 0 1 1 1 0 0 1 0 1 0 0 1 0 1 0 1 1 0 0 0 1 1 1 1 1 1 0 1 0 1 0 0 0 0 0 0 0 1 0 0 1 0 0 0 1 0 1 1 0 0 0 0 1
 1 0 0 0 1 0 0 0 1 0 0 1 1 1 0 0 0 0 1 0 1 0 0 0 0 1 0 0 0 0 0 0 1 1 1 0 1 1 0 0 0 1 0 1 1 0 1 0 1 0 0 0 0 1 0 0 0 1 0 1 1 0 0 1 0 0 0 0 1 1 0 1 0 0 0 1 0 0 0 1 1 0 1 1 0 1 1 0 1 0 1 1 0 0 1 0 1 1 1 0
 1 0 0 1 0 0 0 0 1 0 1 1 0 0 1 1 1 0 1 1 0 1 0 0 1 1 1 1 0 0 1 0 0 0 1 1 0 0 0 0 1 1 1 0 0 0 0 1 0 0 0 0 0 0 0 0 0 0 1 1 0 0 1 0 0 1 0 1 1 0 0 0 1 0 0 0 0 0 0 0 0 0 1 0 0 0 1 0 1 0 1 0 0 1 0 1 0 0 0 0
 1 1 0 0 0 1 1 0 1 1 0 1 0 1 0 0 1 0 0 0 1 0 0 0 1 0 1 0 1 0 1 0 0 1 0 1 0 0 0 1 0 0 0 0 1 0 0 0 1 0 1 0 0 0 0 0 1 0 0 1 0 0 0 0 0 0 1 1 0 1 0 0 1 0 1 0 0 0 1 0 0 0 1 0 1 0 0 1 0 0 1 0 0 0 0 1 0 1 1 0
 1 1 1 0 0 0 0 1 1 0 0 0 0 0 1 1 0 0 1 0 1 1 1 0 0 0 1 1 1 1 1 0 0 0 1 0 1 0 1 1 0 0 1 0 1 0 0 0 1 0 0 0 0 1 1 1 0 0 1 0 1 1 0 1 0 1 1 1 0 0 0 1 0 0 1 1 0 0 0 0 1 0 0 0 0 0 1 0 1 1 0 0 0 1 0 0 0 1 0 1
 0 0 1 0 1 1 1 1 1 0 0 0 0 0 0 0 0 1 0 1 0 0 0 0 0 1 1 0 1 1 0 0 0 0 0 0 1 0 0 1 0 1 0 1 0 0 0 0 1 1 1 1 0 1 0 0 0 1 0 0 0 1 0 0 1 0 0 1 0 1 0 0 1 0 1 0 0 1 0 0 0 0 0 1 0 0 0 0 0 1 1 0 0 1 0 1 1 0 0 0
 1 0 1 0 0 0 0 1 0 1 1 0 0 0 1 0 1 1 0 1 0 1 0 0 0 1 0 1 1 0 0 0 0 0 0 0 0 1 1 0 0 0 1 0 0 1 1 0 1 1 1 0 0 1 1 0 0 0 1 0 0 1 1 0 0 1 0 1 0 0 1 0 1 0 0 0 0 1 0 1 1 0 0 1 0 0 0 0 0 1 0 0 0 0 0 1 1 0 1 0
 1 0 0 1 0 0 0 0 0 1 0 1 0 0 0 0 0 0 0 1 0 0 1 0 1 0 0 0 1 1 1 0 1 1 1 1 0 1 1 0 1 1 0 0 0 1 0 0 0 1 0 0 1 1 0 1 0 0 0 1 0 1 0 0 1 1 1 0 1 0 1 1 1 0 1 0 1 0 0 0 0 0 1 1 0 0 1 0 1 0 0 0 0 0 1 1 0 0 1 1
 0 0 0 0 1 0 0 0 0 1 1 1 0 0 0 0 1 0 0 1 1 0 0 1 1 0 0 1 0 1 0 0 1 1 0 1 0 0 0 0 0 0 0 1 1 0 0 1 0 1 0 1 1 0 0 0 1 0 0 0 0 0 0 1 0 0 0 0 1 1 1 1 0 1 0 0 0 1 0 0 0 1 1 1 0 0 0 0 0 1 0 1 1 1 0 0 0 0 0 1
 0 0 1 0 1 0 1 0 1 0 0 1 1 0 1 0 0 1 1 0 0 0 0 1 1 0 1 0 0 0 1 0 0 0 1 0 1 0 1 0 0 0 0 1 0 0 0 0 0 1 0 0 1 0 1 0 0 1 0 0 0 1 0 1 0 1 1 1 0 0 0 0 0 1 0 1 0 1 0 1 1 1 1 0 0 1 0 1 0 0 0 1 0 0 0 0 1 0 1 0
 1 0 1 1 0 0 0 1 1 0 0 0 0 1 0 0 0 1 0 1 0 0 1 0 0 0 1 0 0 1 0 1 1 1 0 0 0 0 0 1 0 0 0 0 0 1 0 0 0 1 0 0 1 0 0 0 0 0 1 0 1 0 0 1 0 1 0 0 1 1 1 1 0 0 1 0 1 0 0 0 1 0 0 1 0 0 0 0 0 0 0 1 1 0 1 1 1 0 0 0
 1 1 0 1 0 1 0 1 1 0 0 0 0 0 1 1 0 1 0 0 1 0 0 0 1 0 0 0 1 0 1 1 0 0 0 0 0 1 1 0 1 1 1 1 0 0 0 0 0 1 0 1 0 1 0 0 1 1 0 1 1 0 0 0 0 0 0 0 0 1 0 0 0 0 1 1 1 1 0 0 0 0 1 0 0 0 0 0 0 1 0 1 0 0 1 0 0 0 0 1
 0 1 0 1 0 0 0 1 0 0 0 0 1 0 1 1 1 0 1 0 0 0 0 1 1 0 0 0 0 0 1 1 1 1 1 1 0 1 0 0 0 0 1 1 1 1 1 1 1 0 1 0 0 0 0 0 0 0 0 1 0 1 1 1 0 1 1 0 1 1 0 0 1 1 1 1 1 0 0 1 0 0 0 0 1 1 1 0 1 0 0 0 1 1 1 0 0 0 0 0
 0 1 1 0 1 0 1 0 0 0 1 1 0 1 0 1 0 1 0 0 1 1 1 0 0 1 0 1 0 1 1 0 0 0 0 0 1 1 0 0 1 0 1 1 0 0 0 0 0 1 0 0 1 0 1 1 1 1 0 1 1 0 1 0 0 0 0 1 1 0 0 1 1 0 0 0 0 0 0 0 1 1 0 0 1 0 0 0 0 1 0 1 0 0 1 0 0 1 1 0
 0 0 1 1 0 0 0 1 1 1 0 0 0 0 1 1 0 1 1 1 0 1 1 0 1 1 1 0 0 1 1 0 0 0 0 0 1 0 0 0 0 0 1 0 0 1 0 0 1 0 0 0 1 1 0 1 0 1 0 0 0 0 0 0 0 0 1 1 0 0 1 0 1 1 0 0 1 0 0 1 0 0 1 1 0 0 1 0 1 0 0 1 0 0 0 1 0 1 0 1
 0 1 0 1 1 1 0 1 0 0 0 0 0 1 0 0 0 1 1 1 0 1 1 0 0 0 1 0 0 0 0 0 1 1 0 0 0 0 0 0 0 0 0 0 1 1 1 1 0 0 1 1 0 1 1 1 0 1 0 0 0 0 1 1 1 0 0 0 0 0 1 0 1 0 0 1 0 0 0 0 1 0 1 1 1 1 1 1 0 0 0 0 0 0 0 1 0 0 0 1
 1 1 1 1 0 0 0 0 0 0 0 0 1 0 1 0 0 0 0 0 0 0 1 0 0 0 0 0 1 1 1 1 1 0 1 0 1 1 1 0 0 1 1 1 1 0 0 0 1 0 0 1 1 0 0 0 1 0 1 0 0 0 0 1 0 1 0 0 0 0 0 1 1 1 1 1 0 1 0 0 1 0 0 0 1 1 1 0 0 1 0 0 0 1 0 1 1 0 0 0
 0 1 1 0 1 0 1 1 0 1 1 1 0 0 0 0 0 1 1 1 0 0 0 0 0 0 0 0 1 0 1 1 0 0 1 0 1 0 0 0 0 1 0 1 0 0 1 0 0 0 1 0 1 0 0 1 1 1 1 0 0 0 0 1 0 0 0 0 0 0 0 1 0 0 0 1 1 0 1 0 0 1 1 0 0 0 1 1 0 0 0 0 0 0 0 1 0 0 1 0
 0 0 1 0 1 0 0 0 0 0 1 1 1 1 1 0 1 1 1 0 1 1 0 1 0 1 1 0 0 0 0 0 1 1 1 1 1 1 0 0 0 1 0 0 1 0 0 0 0 0 1 1 1 0 1 0 0 1 0 1 0 1 1 1 0 0 0 0 1 1 0 0 1 1 0 0 0 1 0 1 1 0 0 0 1 1 0 1 1 0 0 0 1 0 1 0 0 0 0 0
 0 0 0 1 1 1 1 0 0 0 1 0 0 1 0 0 1 1 0 1 0 0 1 1 1 0 1 0 0 0 0 0 0 1 0 0 0 0 0 0 1 0 0 0 0 1 0 0 1 0 1 0 0 1 1 0 0 1 0 1 0 0 1 0 0 1 1 1 0 0 0 0 0 1 0 0 0 0 0 1 0 0 0 1 0 1 0 1 0 1 0 0 0 1 0 0 0 0 1 0
 0 0 0 0 0 0 1 0 1 1 0 1 1 0 1 0 1 0 1 0 0 0 0 0 0 0 0 0 0 0 0 0 0 0 0 0 0 0 1 0 0 0 1 0 0 0 1 0 1 0 1 1 1 0 1 1 1 0 1 1 1 0 0 0 0 1 0 1 0 0 0 1 1 0 0 0 0 1 1 0 1 0 1 1 0 0 0 1 1 1 0 0 0 1 1 1 1 0 0 1
 0 0 0 1 0 0 0 0 1 1 1 0 0 0 0 1 0 0 1 1 0 0 1 1 0 1 1 0 0 1 0 1 0 1 0 1 1 1 0 1 0 1 0 1 0 0 0 1 0 0 0 0 0 1 1 0 0 1 0 1 0 0 1 0 1 0 0 1 0 0 0 1 1 0 0 0 0 1 1 1 0 1 1 1 0 0 0 0 0 1 0 1 0 0 1 0 1 0 1 1
 0 1 0 0 0 0 0 0 0 1 0 0 1 0 0 1 0 1 0 0 0 0 1 1 0 1 1 0 1 0 1 0 1 0 1 0 1 0 1 1 1 0 0 0 1 0 0 0 1 1 1 0 0 0 0 1 1 1 1 0 1 0 0 0 0 1 0 0 0 0 1 0 1 0 0 0 0 0 0 1 1 0 0 0 1 1 0 1 1 1 1 1 0 0 1 1 0 0 0 0
 1 1 1 0 0 0 0 1 0 0 0 1 0 0 1 0 0 1 1 0 0 0 0 1 1 1 0 0 0 0 0 1 1 0 0 0 0 1 1 0 0 1 0 0 0 0 0 1 1 0 1 0 0 0 0 0 0 1 0 1 0 0 0 0 1 1 1 0 1 0 1 0 0 0 1 0 0 0 1 1 1 0 1 0 0 1 0 0 0 0 0 0 1 1 1 0 1 0 0 1
 0 0 0 0 0 0 0 0 1 0 1 0 0 1 1 1 0 1 0 0 1 0 1 0 1 0 1 0 0 0 0 1 0 1 0 0 0 0 0 0 0 1 1 1 1 0 1 0 0 1 0 0 0 0 0 1 0 0 0 0 0 0 0 0 0 1 0 0 0 1 1 0 0 0 1 0 0 0 0 1 1 0 1 1 0 1 0 0 1 0 0 0 0 0 1 1 0 0 0 0
 1 1 1 1 0 0 0 1 0 0 0 0 0 1 0 1 0 1 0 0 0 1 1 0 0 0 1 1 0 0 0 0 0 0 0 1 0 1 0 1 0 0 0 1 0 0 0 0 0 1 1 0 1 0 0 1 1 0 1 0 0 0 0 1 0 1 1 1 1 1 0 1 0 1 0 0 0 1 0 0 1 0 0 0 1 1 1 0 0 0 0 0 0 1 1 0 0 1 0 1
 1 0 1 0 0 0 0 1 0 0 0 0 0 0 0 0 0 1 0 1 0 1 1 0 1 0 1 1 0 1 0 1 0 0 1 0 1 1 1 0 0 1 0 0 0 1 1 1 0 1 0 0 1 1 1 1 0 0 0 0 0 0 1 0 0 1 1 0 0 1 0 0 1 0 0 0 0 0 1 1 1 1 0 0 0 0 1 0 1 1 1 0 0 0 1 0 0 0 0 0
 1 0 1 0 0 1 1 1 1 0 0 0 0 1 0 1 0 0 0 0 0 1 0 1 1 0 0 1 0 0 1 0 0 1 0 0 0 0 0 0 0 0 1 0 1 0 0 0 0 0 0 0 1 0 0 0 0 0 1 0 1 0 0 0 0 1 1 1 1 0 0 1 0 1 0 0 1 1 1 0 1 0 1 1 0 1 1 0 1 0 1 1 1 0 1 0 0 0 1 0
 0 0 1 0 1 0 0 0 0 1 0 0 0 1 0 1 0 1 1 0 0 0 0 0 1 0 1 0 1 1 1 0 0 1 0 1 0 0 0 1 0 1 0 1 1 0 1 1 0 1 0 0 0 1 0 0 1 1 0 1 1 1 1 1 1 0 0 1 0 0 0 0 0 0 0 0 1 0 0 0 1 0 0 0 1 0 0 0 1 0 0 1 0 0 0 0 0 1 1 0
 0 1 0 1 0 0 1 0 1 1 1 1 1 1 0 0 1 1 0 0 0 0 0 0 1 1 0 1 0 1 0 1 1 1 0 1 0 0 0 0 1 1 0 0 1 0 1 0 0 1 0 1 0 0 0 0 1 0 0 0 1 0 1 1 1 0 0 0 0 1 0 0 0 1 1 1 0 1 1 0 1 0 0 0 1 0 0 1 0 0 0 1 1 1 0 0 0 0 1 1
 0 0 0 0 1 1 0 0 0 1 0 1 0 0 1 1 0 1 0 0 0 0 0 0 0 1 1 1 0 0 0 1 0 1 0 1 0 1 0 1 1 1 1 1 0 0 1 0 0 0 1 1 0 0 0 0 1 1 1 0 0 0 1 0 1 1 0 0 0 1 0 0 0 0 1 0 1 1 1 1 0 0 0 0 0 0 0 1 1 0 0 0 0 0 1 1 0 0 0 0
 0 0 0 0 1 1 1 0 0 0 1 1 0 0 0 0 1 1 0 1 1 0 1 0 0 0 1 1 0 0 0 0 1 1 1 0 0 1 1 1 0 0 0 0 1 1 0 1 0 1 1 0 0 0 0 1 0 0 0 0 1 0 1 0 1 0 0 0 0 1 0 0 0 0 1 1 0 0 0 1 1 0 1 1 0 1 0 1 0 1 1 1 1 0 0 1 0 0 1 1
 0 0 0 0 1 1 1 0 1 1 1 0 0 0 0 0 0 1 0 1 1 0 0 1 0 1 0 0 1 0 1 0 1 0 1 1 1 1 1 0 1 0 1 0 0 1 0 1 1 1 0 0 0 0 0 1 0 0 0 0 0 1 1 1 0 0 1 1 1 0 0 0 1 1 1 0 0 0 1 1 0 0 1 1 1 0 0 1 0 1 0 0 0 1 0 1 1 0 0 1
 0 0 0 0 1 1 0 0 1 1 1 1 0 1 0 0 1 0 0 0 0 0 0 0 1 1 0 1 0 0 0 0 1 0 0 0 1 1 0 0 0 0 0 1 1 1 0 1 0 0 0 1 1 0 0 0 0 0 0 1 1 1 0 0 0 0 0 0 0 0 0 1 0 0 1 0 0 0 1 0 0 0 0 1 1 0 0 0 1 0 1 0 1 0 1 1 0 0 0 0
 0 0 0 0 0 0 1 0 0 0 1 1 0 0 1 0 0 0 0 1 0 0 0 1 0 0 0 0 0 0 1 1 1 1 1 0 1 1 1 0 0 1 0 0 1 1 0 1 0 0 1 0 0 1 1 0 0 1 1 0 0 0 1 0 1 0 0 0 0 0 1 0 0 0 1 1 0 1 1 0 0 1 0 1 0 0 0 0 1 1 1 0 0 0 0 1 1 0 0 0
 0 0 1 1 1 1 1 1 0 0 1 0 0 0 0 0 0 1 0 1 0 0 0 1 0 0 0 0 1 0 0 1 0 0 1 0 0 1 0 1 1 0 1 1 1 0 0 0 0 1 1 1 1 1 0 1 0 1 1 1 0 0 0 1 0 0 0 0 0 1 0 0 0 0 0 0 0 1 0 0 1 0 0 0 0 1 0 1 0 1 0 0 0 1 0 1 0 0 0 1
 1 0 1 1 0 1 0 0 1 1 0 0 0 0 1 0 0 1 0 1 0 0 1 1 0 1 0 0 1 0 0 1 0 0 0 1 1 0 0 0 0 0 0 0 0 1 1 0 0 1 0 1 0 1 0 1 1 0 0 0 0 0 1 0 1 0 1 0 0 1 0 0 0 0 0 0 0 0 0 1 1 0 1 0 0 0 1 0 0 0 1 0 1 0 0 1 1 0 0 1
 0 0 1 0 0 1 0 1 1 1 0 1 0 0 0 1 0 0 0 0 1 1 1 0 1 1 0 1 1 1 0 0 0 1 1 0 0 1 0 0 1 1 1 0 1 0 0 1 1 1 0 0 0 1 0 0 0 0 0 0 1 1 0 0 0 0 1 1 1 1 1 1 0 0 0 0 1 1 0 0 0 0 0 0 0 1 1 0 0 1 1 1 0 0 1 0 1 0 0 0
 0 1 0 0 0 1 1 0 1 1 0 1 0 1 0 0 0 0 1 0 1 1 0 0 0 0 0 0 1 0 0 0 0 0 0 1 0 0 1 0 0 1 0 0 0 0 1 0 1 1 0 0 1 1 1 0 0 0 0 0 0 0 0 0 0 0 1 0 1 0 0 1 0 0 0 0 1 1 0 1 0 0 0 1 0 1 1 1 0 1 0 0 0 0 1 0 0 0 1 0
 1 0 1 1 0 1 0 1 0 0 0 0 1 0 1 0 0 1 0 0 0 1 1 1 0 1 0 1 0 0 1 1 1 0 1 1 1 1 0 0 0 0 0 0 1 0 0 1 1 1 0 1 0 0 1 0 0 0 0 0 0 0 0 0 1 1 0 1 0 0 0 0 0 0 1 1 0 0 0 0 0 0 0 0 0 0 1 1 1 1 0 1 1 1 0 1 1 0 1 1
 0 1 0 1 1 0 1 0 1 1 0 1 0 1 0 1 0 1 1 1 0 0 0 0 1 0 0 0 0 0 1 0 1 0 1 0 0 0 0 0 0 0 1 1 0 1 1 0 1 0 0 0 0 1 0 1 0 1 1 0 0 0 1 0 1 0 1 1 0 0 0 1 1 0 1 1 0 0 1 0 1 0 0 0 1 1 0 1 0 0 1 1 1 0 1 0 0 0 0 1
 1 0 0 0 0 0 1 1 1 0 0 1 0 0 1 0 1 0 0 0 0 1 0 0 1 1 0 0 1 0 1 1 1 0 0 1 1 0 0 0 1 0 0 0 0 0 0 0 0 0 0 0 0 0 1 0 0 1 1 0 1 0 0 1 1 0 1 1 0 1 1 1 0 0 0 0 0 1 0 0 0 0 0 0 1 1 0 1 0 0 0 1 1 1 1 0 1 1 1 1
 1 1 1 1 1 0 1 1 1 0 1 1 0 0 0 0 0 0 0 1 0 0 1 0 1 0 0 0 0 1 1 1 0 1 0 1 1 0 1 0 0 0 0 1 0 0 1 0 0 1 0 1 0 0 0 1 1 0 1 1 1 1 0 1 0 0 0 1 1 1 0 0 0 1 0 1 0 0 0 0 0 0 0 0 1 0 1 0 0 0 1 0 0 1 1 0 1 0 1 0
 0 1 1 1 1 1 0 0 0 1 1 0 0 0 0 0 1 0 1 0 0 0 1 0 0 1 0 1 1 0 1 0 1 1 1 1 0 0 1 0 0 1 0 1 0 0 1 1 0 0 1 0 1 1 0 1 0 1 0 1 1 1 1 1 1 1 1 0 1 0 0 0 1 1 0 0 0 1 0 0 0 0 1 0 1 0 1 1 1 1 0 0 0 1 0 0 1 0 1 0
 1 0 0 1 0 1 1 0 0 0 0 1 1 0 1 1 0 0 0 1 1 1 0 0 0 0 1 1 1 0 0 0 0 1 0 1 0 0 0 0 0 0 0 0 0 1 1 0 0 0 1 0 0 0 1 0 0 0 1 0 0 0 0 1 0 0 0 0 0 0 0 1 0 0 0 0 0 0 0 0 0 0 0 1 0 0 0 0 0 0 1 0 1 1 1 0 0 0 0 1
 0 0 0 1 0 0 0 0 0 0 0 1 1 1 0 1 0 1 0 0 1 1 0 0 0 0 0 0 0 1 1 1 1 1 0 0 0 0 1 1 1 0 0 0 1 1 1 0 1 0 0 1 1 0 1 0 0 1 1 0 1 1 0 0 1 0 0 0 1 1 0 0 0 1 0 0 0 0 0 0 1 0 0 1 1 0 1 1 0 1 0 0 1 1 0 1 1 0 0 0
 0 0 1 1 1 1 1 1 1 0 0 0 0 1 0 1 0 1 0 0 1 0 1 0 0 0 0 1 0 1 0 0 1 1 0 1 0 0 1 0 0 0 1 1 1 1 0 1 0 0 0 1 1 0 0 0 1 1 1 0 0 1 0 0 1 0 0 0 1 1 1 1 0 0 0 1 0 0 0 0 0 1 1 0 1 1 0 1 1 0 0 0 0 0 1 0 1 0 1 0
 0 0 0 0 0 0 1 1 1 1 0 1 1 0 1 1 1 1 1 1 1 0 0 0 1 1 1 0 0 0 0 0 1 1 1 0 0 1 0 0 1 0 0 0 0 0 0 0 0 1 1 0 1 1 0 1 0 0 0 1 0 0 1 0 0 1 1 0 0 1 1 0 0 0 0 0 0 1 1 1 1 0 1 1 0 1 1 1 0 1 0 1 0 0 1 0 1 1 1 0
 0 0 0 1 1 0 1 0 1 0 1 0 0 0 0 1 0 0 0 0 0 1 1 0 1 0 0 0 0 0 1 0 0 1 0 0 0 0 1 0 0 0 0 0 0 0 1 0 0 1 0 0 1 1 0 1 1 0 0 1 1 1 1 0 1 0 0 0 1 0 0 0 1 0 1 1 0 1 1 0 0 0 0 1 1 0 0 0 0 1 1 0 0 0 0 0 0 0 0 0
 1 0 0 0 1 1 1 1 1 1 1 0 1 1 0 0 1 0 0 0 1 0 1 1 0 0 0 1 0 1 0 0 1 1 0 0 0 0 1 1 0 1 0 0 1 0 0 0 0 1 0 1 1 1 1 0 0 0 0 0 0 0 1 1 1 0 0 0 0 0 0 0 0 1 1 1 1 0 0 1 1 0 1 0 1 0 0 1 1 1 1 1 1 1 1 1 1 0 1 1
 0 0 1 1 0 1 0 0 0 0 1 1 0 1 0 1 1 0 0 1 0 0 0 0 0 0 0 0 0 0 0 1 1 0 0 1 0 1 0 0 1 0 0 0 0 0 1 0 0 0 0 0 1 0 1 1 1 1 0 1 0 0 0 0 0 0 1 1 1 1 0 0 1 0 0 1 1 1 1 0 1 0 1 1 1 0 1 0 1 0 0 0 0 0 0 1 0 1 0 1
 1 1 1 0 0 0 0 1 0 1 0 0 1 0 1 0 1 0 1 1 0 1 0 0 0 0 0 0 0 0 1 1 0 0 1 0 0 0 1 1 0 1 0 0 1 0 0 0 0 1 0 1 0 0 0 1 0 1 0 1 0 1 0 1 1 1 0 1 0 0 1 1 0 0 0 0 1 0 0 0 1 0 0 1 0 0 1 1 0 0 0 0 0 0 0 0 0 1 1 0
 0 0 0 1 1 1 0 0 0 1 0 1 0 1 0 1 1 1 0 0 0 1 1 1 0 0 0 1 0 0 0 0 1 1 1 0 1 0 0 0 0 1 1 1 0 1 0 0 1 0 1 0 0 1 0 0 1 1 1 1 0 0 0 1 0 0 0 0 1 1 0 1 1 0 1 1 1 0 0 0 1 0 1 0 1 1 1 0 0 0 0 1 1 0 1 1 0 0 1 1
 1 0 1 1 0 1 0 0 0 0 0 1 0 0 0 1 1 1 0 0 0 1 0 1 0 0 0 1 0 0 0 1 0 0 1 0 1 0 1 1 1 0 1 0 0 0 0 0 0 0 0 0 0 0 0 0 0 0 0 1 0 0 0 1 1 0 0 0 1 0 1 1 0 1 1 0 0 1 0 1 0 1 0 0 0 1 1 0 0 0 0 1 1 0 0 0 0 0 1 1
 0 1 1 1 0 0 1 1 1 0 0 0 0 0 0 1 1 1 0 1 0 1 1 0 0 0 1 1 0 0 0 1 1 0 0 0 0 1 1 0 0 0 0 0 0 1 1 1 1 0 1 1 0 0 0 0 0 0 1 1 0 0 0 0 1 1 1 0 1 0 0 0 0 0 1 0 1 1 1 0 0 0 0 0 1 0 1 0 0 1 1 0 0 1 1 0 1 0 0 1
 1 0 0 0 0 0 0 0 1 1 1 0 0 1 0 1 0 1 1 0 0 1 0 1 0 1 0 0 1 1 1 0 1 0 0 0 1 0 0 0 0 0 0 0 0 1 0 1 0 1 0 0 0 0 0 1 0 0 0 0 1 0 0 0 1 0 1 0 1 0 1 0 0 1 0 0 1 1 1 0 0 1 1 0 0 0 1 0 0 1 1 0 0 1 0 1 1 1 0 0
 0 0 0 1 0 1 1 1 0 1 1 0 0 0 1 0 0 0 1 1 0 0 0 0 0 0 0 0 0 0 0 1 0 1 0 1 0 1 0 1 0 1 1 0 0 1 0 0 0 1 0 0 0 1 0 0 1 1 0 0 1 0 1 0 0 0 1 0 0 1 0 0 1 0 0 0 1 0 1 1 1 1 1 0 0 0 1 0 0 0 0 1 1 0 1 1 0 0 0 1
 0 0 0 0 0 0 0 0 0 1 0 0 1 0 0 1 0 0 0 1 1 0 1 0 1 0 1 1 0 0 0 1 0 0 1 1 0 1 1 0 0 0 0 0 1 0 0 1 1 1 1 0 0 0 0 1 0 1 1 1 1 1 1 1 1 0 0 1 0 0 1 0 0 0 1 1 0 1 1 1 0 1 0 1 1 0 1 0 0 1 0 1 0 1 0 1 0 0 0 0
 0 0 1 1 0 0 0 1 1 1 0 1 1 0 0 1 0 1 1 1 0 0 0 1 1 0 0 1 0 0 1 0 0 0 0 0 0 0 0 1 1 0 1 1 1 0 0 1 0 0 0 1 1 1 1 0 0 1 0 1 0 1 0 0 0 0 0 1 1 1 1 1 1 1 0 0 1 0 0 0 0 0 1 0 0 0 1 1 0 1 0 0 1 1 1 0 1 1 0 1
 1 0 1 1 0 1 0 0 1 0 1 1 0 1 1 0 0 0 0 1 0 0 1 1 1 1 0 0 0 0 0 0 0 0 0 1 0 0 1 0 0 0 1 1 0 0 1 1 0 0 0 0 0 1 0 0 0 1 1 0 1 0 0 0 0 0 0 0 0 1 0 1 0 1 1 0 1 0 1 1 1 0 1 1 1 0 1 0 0 0 0 1 1 0 0 1 0 0 0 1
 0 1 0 1 1 0 1 1 1 0 0 1 0 0 0 1 0 1 0 1 0 0 1 0 0 1 1 1 1 0 0 1 0 0 0 0 0 0 1 0 1 1 0 0 0 0 0 0 0 0 1 1 0 0 0 0 0 0 0 0 0 0 1 0 0 1 0 0 0 0 0 0 0 0 0 0 0 0 1 0 0 0 0 0 1 0 0 1 1 0 0 0 1 0 0 1 0 0 1 1
 0 0 1 0 1 1 1 1 1 1 1 1 0 1 1 0 0 1 1 0 0 1 0 1 0 0 1 0 0 0 1 0 0 0 0 0 1 0 1 0 1 0 0 1 1 0 1 0 0 0 1 0 0 0 1 0 1 0 1 0 0 0 0 0 1 1 1 0 1 0 0 0 0 0 0 1 1 0 1 1 1 0 0 1 1 0 1 0 1 1 1 0 0 0 0 0 0 1 0 0
 0 1 1 1 1 0 0 0 1 0 0 0 1 0 0 1 1 1 1 1 0 1 0 1 0 1 1 0 0 0 0 0 1 1 0 0 1 1 0 0 0 1 0 0 1 1 0 0 1 0 0 1 1 0 0 0 0 1 1 0 1 0 1 0 0 0 1 0 1 1 0 0 1 1 0 0 1 1 1 0 0 1 0 0 0 0 1 1 0 1 1 1 0 1 0 1 1 1 0 0
