100
   59  101  113   83   53   65   91   69   30   51   99   74  105   88  105   89   94   66  107   37   22   93   67  107   32   88  102   71   74   61  118   66   41   83   20   27   54   46   37   66   39   66   60  100  110   85   28   89   91   82   21   54  115   66  113   22   83  104   47   90  105   40   83   65   45   40   37   30   86   34   79   28  101   63  111   95   58   68   86   68   76  102   52   44   94   62  119   82   32  112  118   95  116   27  114   88   32   36   96   25
 0 0 0 1 0 0 0 0 0 0 0 0 1 1 0 1 1 1 1 0 0 0 0 1 0 0 1 1 0 0 0 1 0 0 0 1 0 0 1 0 0 0 1 0 0 1 0 1 0 0 0 1 1 1 0 0 1 1 0 0 0 0 1 0 1 0 0 1 0 0 1 0 0 0 0 0 1 0 1 1 0 0 0 1 0 0 1 0 1 1 1 0 0 1 1 0 0 0 0 0
 0 0 1 1 0 0 0 0 1 0 1 1 1 1 1 1 0 1 1 1 0 1 1 1 1 1 0 0 1 1 1 0 1 1 0 0 0 0 0 0 0 0 0 1 1 1 0 1 0 0 0 1 0 0 1 1 0 0 0 1 1 0 0 0 1 1 0 1 1 1 0 1 0 0 0 0 1 1 0 0 0 0 1 0 0 1 0 0 0 1 1 0 0 0 0 1 0 0 0 0
 0 1 0 1 0 0 0 0 0 0 1 0 1 0 0 0 0 0 1 1 0 0 1 1 0 0 0 0 0 1 1 1 0 1 1 0 1 0 1 1 0 1 0 0 0 0 0 0 0 0 1 0 1 0 1 0 1 0 0 0 0 0 1 1 0 0 1 0 1 0 0 0 0 0 0 0 0 0 0 1 0 1 0 1 0 0 0 0 0 0 1 0 0 0 0 0 0 1 1 0
 1 1 1 0 1 0 1 1 0 1 0 0 0 0 0 1 0 0 0 0 1 0 1 0 0 0 1 0 0 0 0 0 0 0 0 0 1 1 1 1 1 0 0 1 0 0 1 1 1 0 0 0 1 0 0 1 1 0 0 0 0 0 0 1 1 1 1 0 0 0 1 1 1 0 0 1 0 0 1 0 1 0 0 1 1 0 1 0 0 0 1 1 0 0 1 1 1 0 0 1
 0 0 0 1 0 0 1 0 0 1 1 1 0 0 0 1 0 1 0 1 1 0 0 1 0 1 1 1 0 1 0 1 0 1 0 0 1 0 0 0 1 1 1 0 0 0 0 0 0 0 1 1 1 0 1 1 0 0 1 0 0 1 1 0 0 0 0 0 0 0 1 0 0 0 1 0 0 0 1 0 1 1 0 1 0 0 1 0 0 0 1 0 1 0 1 1 0 0 1 0
 0 0 0 0 0 0 0 1 0 0 1 0 1 0 0 1 0 0 0 1 0 1 1 0 0 0 1 1 1 0 0 1 0 0 0 1 0 1 0 0 1 0 0 0 0 1 0 0 1 0 0 1 0 1 0 1 1 1 0 0 1 0 0 0 1 0 0 1 1 1 1 1 1 0 0 0 0 0 0 0 1 0 0 0 0 0 1 0 0 0 0 1 1 1 0 1 0 0 0 0
 0 0 0 1 1 0 0 0 0 0 0 0 1 1 1 0 1 0 0 1 1 0 1 1 1 0 0 1 0 1 0 1 1 1 1 1 1 0 0 1 1 0 0 0 0 1 0 1 1 1 0 1 0 1 1 0 1 0 0 1 0 0 1 0 1 1 1 1 0 0 1 0 0 0 0 1 0 1 1 0 1 1 0 0 0 0 1 1 0 0 1 0 0 0 0 1 0 0 1 0
 0 0 0 1 0 1 0 0 1 0 1 1 0 1 0 0 0 0 0 0 1 0 0 1 1 0 0 1 1 0 1 0 1 1 0 1 0 1 1 1 0 1 1 0 0 0 0 1 0 0 0 0 1 1 0 0 0 0 0 0 1 1 1 0 0 1 0 1 0 0 1 1 0 0 1 1 0 1 0 1 1 1 0 0 0 1 1 0 0 0 1 0 0 0 0 0 1 1 0 0
 0 1 0 0 0 0 0 1 0 0 0 0 0 0 0 0 0 1 0 0 1 1 1 1 1 1 1 0 1 1 0 1 1 1 1 0 0 1 0 0 1 0 0 0 0 0 1 0 0 0 0 0 0 0 1 1 0 1 0 0 0 1 0 1 0 1 1 0 0 1 1 0 0 0 1 1 1 0 0 0 1 0 0 1 1 0 1 1 1 1 0 1 0 0 1 0 1 1 0 1
 0 0 0 1 1 0 0 0 0 0 1 1 1 1 0 1 0 1 1 1 0 0 1 0 1 0 0 0 1 0 0 0 0 1 0 1 0 0 0 0 0 1 1 1 1 0 0 1 1 0 0 0 0 1 1 0 0 0 0 0 0 0 1 1 0 0 1 0 0 1 0 1 0 0 0 1 0 0 0 0 0 1 1 0 1 0 1 0 0 0 0 1 0 0 1 0 0 0 0 0
 0 1 1 0 1 1 0 1 0 1 0 1 0 1 0 0 0 0 1 1 1 0 0 1 0 0 0 1 1 1 0 0 0 1 0 1 0 0 0 1 1 0 0 0 1 0 0 1 0 1 0 0 0 0 0 0 1 0 1 0 0 1 0 0 0 1 0 0 1 1 0 0 0 0 0 1 0 1 0 1 0 1 0 0 0 0 0 0 1 0 0 1 0 0 0 0 0 1 0 0
 0 1 0 0 1 0 0 1 0 1 1 0 1 0 0 1 1 1 0 0 1 1 0 0 1 0 0 1 0 0 1 1 1 1 1 1 1 1 0 1 1 0 0 1 1 1 1 1 0 0 0 0 1 0 0 0 0 0 0 1 0 0 1 0 1 1 0 1 1 0 1 1 0 0 1 0 0 1 0 1 0 0 0 1 0 0 0 1 1 1 0 1 0 0 0 0 0 1 0 1
 1 1 1 0 0 1 1 0 0 1 0 1 0 0 0 0 1 0 0 0 0 1 1 1 1 0 0 1 0 1 0 0 1 1 1 0 1 0 0 0 0 1 0 0 0 0 1 0 0 0 1 0 1 0 0 1 0 0 0 0 0 0 0 1 1 0 1 1 1 0 0 0 1 1 1 1 1 1 0 1 0 0 0 0 1 1 1 0 1 1 1 0 1 1 1 1 0 1 0 0
 1 1 0 0 0 0 1 1 0 1 1 0 0 0 1 1 1 0 0 1 0 1 0 1 0 0 0 0 0 1 1 1 0 1 0 0 1 1 1 1 0 0 1 0 0 1 0 0 1 0 1 0 1 0 1 1 0 1 1 0 1 1 0 1 0 0 0 0 1 0 1 1 1 0 1 1 1 1 1 1 0 0 1 1 0 0 1 0 0 0 0 0 0 1 0 1 0 0 0 0
 0 1 0 0 0 0 1 0 0 0 0 0 0 1 0 0 0 1 1 1 1 1 0 1 0 0 1 1 1 0 0 1 1 0 1 1 1 0 1 1 0 1 1 1 1 0 1 1 0 0 0 0 0 1 0 1 1 1 0 0 0 0 1 0 0 0 0 0 0 0 1 0 0 0 1 1 0 1 0 0 0 1 1 1 1 1 0 0 1 0 1 1 1 1 1 0 0 0 1 0
 1 1 0 1 1 1 0 0 0 1 0 1 0 1 0 0 0 0 1 0 0 0 0 1 0 1 1 0 0 1 0 1 0 0 0 0 1 1 0 0 0 0 0 0 1 0 1 0 1 0 0 0 1 1 0 0 1 0 0 0 0 1 1 0 0 0 0 1 0 0 1 1 0 0 1 1 1 0 1 0 0 1 1 1 0 1 0 1 1 0 0 1 0 1 0 0 0 1 1 0
 1 0 0 0 0 0 1 0 0 0 0 1 1 1 0 0 0 0 1 0 0 0 0 1 0 1 0 1 0 1 0 1 1 0 1 0 0 0 1 0 1 0 0 1 0 0 0 1 1 1 0 1 0 1 1 0 0 1 0 1 1 0 0 0 1 0 0 0 0 1 0 0 0 0 1 0 1 0 0 1 0 0 1 0 1 1 0 0 0 0 0 1 0 0 1 1 1 1 1 1
 1 1 0 0 1 0 0 0 1 1 0 1 0 0 1 0 0 0 0 0 0 0 1 1 1 0 0 1 0 0 0 1 0 1 1 1 0 1 0 1 0 0 1 0 1 0 0 0 1 0 0 0 0 0 0 0 1 0 0 0 1 1 1 0 0 1 0 1 0 0 1 0 1 0 1 0 1 0 0 1 1 1 0 1 0 1 0 1 0 1 1 1 0 1 0 1 0 0 0 1
 1 1 1 0 0 0 0 0 0 1 1 0 0 0 1 1 1 0 0 0 1 0 0 1 0 0 1 0 0 1 0 1 1 0 0 0 1 0 0 1 1 1 1 0 0 0 0 0 1 1 0 0 0 1 0 1 0 0 1 1 1 0 0 0 1 0 0 0 1 0 0 1 0 0 0 1 0 0 0 0 1 0 0 1 0 0 0 0 0 1 0 1 0 0 0 0 1 1 0 0
 0 1 1 0 1 1 1 0 0 1 1 0 0 1 1 0 0 0 0 0 1 1 0 0 1 0 1 0 1 1 0 0 1 0 1 0 0 1 0 0 1 0 1 0 1 1 1 0 1 0 1 0 0 0 1 1 1 0 1 1 1 0 1 0 1 0 0 0 0 1 0 0 0 0 0 0 1 1 0 0 0 0 0 0 0 0 0 1 1 1 0 1 1 0 1 0 0 0 0 0
 0 0 0 1 1 0 1 1 1 0 1 1 0 0 1 0 0 0 1 1 0 0 1 0 0 1 1 0 1 0 0 0 0 0 0 1 0 1 1 1 1 0 0 1 0 0 0 0 1 1 0 0 0 1 1 0 1 1 0 0 0 0 0 0 1 1 1 0 0 1 0 1 0 1 0 0 0 0 0 0 1 0 1 1 1 0 0 0 1 1 0 1 0 1 1 0 0 0 1 0
 0 1 0 0 0 1 0 0 1 0 0 1 1 1 1 0 0 0 0 1 0 0 1 0 1 0 0 0 1 1 1 0 0 1 0 0 0 1 0 0 0 1 0 0 1 0 1 0 1 0 0 1 0 1 0 0 1 0 0 0 1 0 1 0 0 1 1 0 0 1 0 0 1 1 1 0 0 1 1 1 0 1 1 0 0 0 1 0 1 1 1 1 0 0 0 1 1 0 1 1
 0 1 1 1 0 1 1 0 1 1 0 0 1 0 0 0 0 1 0 0 1 1 0 1 1 0 0 1 0 1 0 1 0 0 0 1 0 1 1 0 0 1 1 1 1 1 0 0 0 1 1 0 1 0 0 0 0 0 1 0 1 1 1 0 0 1 1 1 0 0 0 1 0 0 0 1 1 0 0 0 1 1 0 0 1 1 0 0 1 0 1 1 0 1 1 1 1 0 0 1
 1 1 1 0 1 0 1 1 1 0 1 0 1 1 1 1 1 1 1 0 0 0 1 0 0 1 0 0 0 1 0 0 0 1 0 0 1 1 1 1 0 0 1 1 0 0 0 0 0 0 0 0 1 0 0 0 0 1 0 1 1 1 1 1 0 0 0 0 0 0 0 1 0 0 0 0 0 0 0 1 0 0 0 0 1 1 1 0 1 1 1 1 0 0 0 0 0 1 0 0
 0 1 0 0 0 0 1 1 1 1 0 1 1 0 0 0 0 1 0 1 0 1 1 0 0 0 1 0 0 0 0 1 0 1 0 0 0 1 1 0 0 0 1 0 0 1 1 0 1 0 1 1 0 0 0 1 0 1 0 0 1 0 1 0 1 1 0 0 0 1 1 1 1 0 1 1 1 0 0 0 1 1 1 1 0 1 1 0 0 0 0 0 1 0 0 0 0 1 1 1
 0 1 0 0 1 0 0 0 1 0 0 0 0 0 0 1 1 0 0 0 1 0 0 1 0 0 1 1 0 0 0 1 1 1 1 1 0 0 0 0 1 0 1 1 0 0 0 0 0 1 1 1 1 1 0 0 0 1 1 0 0 1 0 0 0 0 1 0 0 0 0 0 0 0 0 0 1 0 0 1 0 0 0 0 1 0 0 1 0 1 0 1 1 0 0 0 0 0 0 1
 1 0 0 1 1 1 0 0 1 0 0 0 0 0 1 1 0 0 1 1 1 0 0 0 1 1 0 0 0 0 1 1 1 1 0 1 0 1 0 0 0 0 0 0 1 1 0 1 1 1 0 0 1 1 0 0 0 0 0 1 0 0 1 0 1 0 1 1 0 0 1 0 0 1 1 1 1 1 0 0 0 1 0 0 0 0 0 0 0 1 1 0 1 0 1 1 0 0 0 0
 1 0 0 0 1 1 1 1 0 0 1 1 1 0 1 0 1 1 0 0 0 0 1 0 0 1 0 0 1 0 1 1 0 0 1 0 0 0 0 1 0 0 1 0 1 1 0 0 1 0 0 0 1 1 0 0 1 1 0 1 0 0 0 0 1 1 0 1 1 0 0 0 1 0 1 0 0 1 0 1 1 1 0 0 1 1 1 0 1 0 1 0 0 0 0 1 1 0 0 0
 0 1 0 0 0 1 0 1 1 1 1 0 0 0 1 0 0 0 0 1 1 1 0 0 0 0 0 1 0 0 0 0 0 0 0 0 1 1 1 0 0 1 0 0 0 0 0 0 1 1 0 1 0 0 0 1 0 1 0 0 0 1 0 1 0 1 0 0 0 1 1 0 0 1 0 0 0 0 1 1 0 1 0 0 0 1 1 1 0 1 1 1 0 0 1 0 0 0 1 0
 0 1 1 0 1 0 1 0 1 0 1 0 1 1 0 1 1 0 1 1 0 1 1 1 0 0 0 0 0 0 1 0 0 0 1 0 0 1 0 0 0 1 0 0 0 0 0 1 1 1 0 0 1 0 0 0 1 1 1 1 1 1 0 0 1 0 1 0 0 0 1 1 1 0 0 1 0 1 1 0 0 0 0 1 0 0 1 0 1 1 0 1 0 0 1 0 1 0 0 1
 0 1 1 0 0 0 0 1 0 0 0 1 0 1 0 0 0 0 0 0 0 1 0 0 0 0 1 1 0 1 0 0 1 0 0 0 0 0 0 1 0 0 1 0 0 1 0 0 1 0 0 1 0 0 1 0 0 0 1 1 1 1 0 0 0 0 1 0 1 1 1 0 0 0 0 0 0 0 1 0 0 1 1 0 0 0 1 0 1 0 0 0 1 0 1 1 0 1 0 0
 1 0 1 0 1 1 1 0 1 0 0 1 0 1 1 1 1 1 1 0 0 0 1 0 1 1 1 1 0 0 0 0 0 0 0 0 0 0 0 1 0 1 1 1 0 1 1 0 0 0 0 1 0 0 0 1 1 0 0 0 0 0 0 1 0 0 0 1 1 0 0 0 0 1 0 1 0 0 0 0 1 0 1 0 1 0 1 0 1 0 0 1 1 0 0 0 0 1 0 1
 0 1 0 0 0 0 1 1 1 0 0 1 1 0 1 0 1 0 1 1 0 0 0 0 0 1 1 0 0 0 1 0 0 0 0 1 0 1 0 0 0 1 0 1 0 0 0 0 0 0 0 1 0 0 0 0 1 1 0 1 0 0 0 0 1 1 0 1 0 0 0 0 0 0 1 0 0 0 1 1 1 1 0 0 1 1 1 1 0 0 0 1 0 0 1 0 1 0 0 0
 0 1 1 0 1 0 1 1 1 1 1 1 1 1 0 0 0 1 0 0 0 1 0 1 1 1 1 0 0 0 0 0 0 0 1 1 0 0 1 0 1 1 0 0 0 0 1 0 0 1 1 1 0 0 0 0 0 0 0 0 0 0 1 1 1 0 1 1 0 0 0 0 0 0 1 0 1 1 1 1 1 1 1 0 1 0 0 1 1 1 0 0 1 0 0 0 0 1 0 0
 0 0 1 0 0 0 1 0 1 0 0 1 1 0 1 0 1 1 0 1 0 0 0 0 0 1 0 1 0 1 0 0 0 1 0 0 1 0 0 0 0 1 0 1 0 0 0 0 0 0 0 0 0 1 0 1 1 1 0 0 0 0 0 1 0 1 1 0 1 1 0 0 0 0 0 0 0 0 1 1 0 1 0 1 0 1 0 0 1 0 0 0 1 1 0 1 0 1 0 0
 1 0 0 0 0 1 1 1 0 1 1 1 0 0 1 0 0 1 0 0 1 0 1 0 0 1 1 0 0 0 0 0 1 1 0 0 0 1 1 0 0 1 0 0 0 0 1 1 1 0 0 0 0 0 0 0 0 0 0 0 1 1 0 0 1 1 0 0 0 1 0 1 1 0 0 1 0 0 0 0 1 0 1 0 0 0 0 0 0 0 0 1 0 0 0 0 0 1 0 1
 0 0 1 1 1 0 1 0 0 0 0 1 1 1 1 1 0 0 1 0 0 0 0 1 0 0 0 0 1 0 0 0 0 0 1 0 0 1 0 1 0 0 0 0 1 1 0 1 0 0 1 0 1 0 0 1 0 0 1 0 1 0 0 0 0 0 1 1 0 1 0 1 0 0 0 1 0 1 1 0 0 0 0 1 0 1 0 1 1 0 0 0 0 1 0 0 0 1 0 0
 0 0 0 1 0 1 0 1 1 0 0 1 0 1 0 1 0 1 0 1 1 1 1 1 1 0 1 0 1 1 0 0 1 0 0 1 1 0 0 0 1 0 1 0 1 0 1 1 0 1 1 0 1 0 0 0 0 0 1 1 1 1 1 0 0 0 1 0 0 0 0 0 0 1 0 1 0 1 0 1 0 0 0 0 1 1 1 0 1 0 1 1 1 1 0 0 1 0 1 1
 1 0 1 1 0 0 0 1 0 0 0 0 0 1 1 0 1 0 0 0 1 0 1 1 1 0 0 0 1 0 0 0 0 1 0 1 0 0 0 1 1 0 1 0 0 0 0 1 0 1 0 0 0 1 0 1 0 1 0 0 0 0 0 0 1 1 1 1 1 0 1 0 1 0 1 0 1 0 0 0 0 1 0 0 1 1 1 0 1 0 0 0 0 0 0 1 0 0 1 0
 0 0 1 1 0 0 1 1 0 0 1 1 0 1 1 0 0 1 1 0 1 0 0 1 0 0 0 1 0 0 1 1 0 0 0 0 1 0 1 0 1 1 0 0 1 0 0 0 1 0 1 1 0 0 1 0 0 1 0 0 1 0 0 0 0 0 0 1 0 1 0 0 1 1 0 0 1 0 0 0 0 0 0 0 1 0 0 0 0 0 0 0 1 0 1 0 1 1 0 0
 0 0 0 1 1 1 1 0 1 0 1 1 0 0 0 0 1 0 1 1 1 0 0 0 0 1 0 0 0 0 0 0 0 1 0 0 0 1 1 1 0 0 0 0 0 1 0 0 0 0 1 1 0 0 0 1 0 0 1 0 1 0 0 0 1 0 1 0 1 1 0 0 0 0 0 1 0 1 0 0 1 1 0 0 0 0 0 1 0 0 1 1 0 0 0 1 0 1 0 0
 0 0 1 0 1 0 0 1 0 1 0 0 1 0 1 0 0 0 1 0 0 1 1 0 0 0 0 0 1 1 0 1 1 1 1 1 0 0 0 1 0 0 0 1 1 0 1 0 0 0 1 1 1 0 1 1 0 0 0 0 1 0 0 1 0 0 1 1 1 0 0 1 0 1 0 1 0 0 1 0 0 0 1 0 0 0 0 0 0 0 0 1 0 0 1 0 1 1 1 0
 1 0 0 0 1 0 0 1 0 1 0 0 0 1 1 0 0 1 1 1 0 0 1 1 1 1 0 1 0 0 1 1 0 0 0 0 0 1 1 0 0 0 0 0 0 0 0 1 1 0 1 1 1 1 1 1 1 0 0 1 1 0 1 1 0 1 1 1 0 1 0 0 0 0 0 0 1 0 1 0 1 1 1 0 0 1 0 1 1 1 1 0 0 1 1 0 1 0 1 0
 0 1 0 1 0 0 0 0 0 1 0 1 0 0 1 0 1 0 0 0 1 0 1 1 0 1 0 0 0 0 0 1 1 0 1 0 0 0 0 0 0 1 0 0 1 0 0 1 1 0 0 1 0 1 1 1 1 0 0 0 1 1 1 0 1 1 1 1 0 1 1 1 1 0 1 0 0 1 0 1 0 0 0 0 1 0 0 0 1 1 0 1 0 0 1 0 1 0 1 0
 0 1 0 0 0 0 0 0 0 1 1 1 0 0 1 1 0 1 0 1 0 1 1 0 0 0 1 1 0 0 0 0 0 0 0 0 1 1 0 1 0 1 0 1 0 0 0 0 0 0 0 0 0 0 1 0 0 0 0 0 1 0 0 1 0 1 1 1 1 0 0 1 0 0 1 0 1 1 0 0 1 1 0 0 0 0 1 0 0 0 0 0 0 0 0 0 0 0 0 0
 1 1 0 0 0 1 1 0 0 0 0 1 0 1 0 0 0 0 0 1 0 0 1 0 1 0 1 1 0 0 1 1 0 0 0 0 1 0 0 0 1 0 0 0 0 0 1 1 0 1 0 0 0 1 0 0 0 1 0 0 0 0 0 0 0 0 1 0 1 0 1 1 1 1 0 0 0 0 0 0 1 0 0 1 0 0 1 0 0 0 1 1 0 0 0 1 0 0 0 1
 0 0 0 1 0 0 0 0 1 0 0 1 1 0 1 1 0 0 0 1 0 1 0 0 1 0 0 0 0 0 0 1 0 1 0 1 0 1 0 0 0 1 0 0 0 1 0 0 0 0 1 1 0 0 0 0 1 0 1 0 0 0 0 1 1 0 1 0 1 1 0 0 0 0 1 0 1 1 0 0 0 1 0 1 1 0 1 0 0 0 0 1 1 0 0 1 0 1 0 1
 1 1 0 1 0 0 1 1 0 1 1 1 0 0 1 0 1 0 0 0 0 0 0 0 0 0 1 0 0 1 0 0 0 0 0 1 1 1 1 0 0 0 1 1 0 1 0 0 0 1 1 1 1 0 1 1 0 1 0 0 0 1 0 0 1 1 0 0 0 1 1 1 1 1 0 0 0 1 0 0 1 0 0 1 0 1 0 0 1 1 0 0 0 1 0 0 1 0 0 0
 0 0 0 1 0 1 1 0 0 1 0 0 0 1 0 1 1 1 1 1 1 1 0 0 1 0 1 1 1 1 1 0 0 0 0 1 0 0 0 1 0 0 1 1 0 0 0 0 0 0 1 1 0 1 1 1 0 1 0 0 0 0 0 0 0 0 0 1 0 0 1 0 0 0 0 0 1 0 0 0 1 0 1 0 0 1 1 0 1 1 0 0 1 1 0 0 0 0 0 1
 0 0 0 0 0 0 1 0 0 0 1 0 0 0 0 0 1 0 1 0 1 0 1 0 0 1 1 0 1 1 0 0 0 1 0 0 0 1 1 0 0 0 0 0 0 1 0 1 0 0 0 1 1 1 1 0 0 0 1 1 1 0 1 0 0 0 1 1 0 0 1 0 1 0 0 0 0 1 1 0 1 1 1 0 0 1 1 1 1 1 0 0 0 1 0 1 0 0 1 0
 0 0 1 0 1 0 0 0 0 0 0 0 1 1 0 0 0 0 0 1 0 0 1 0 1 1 0 0 0 0 0 0 0 1 0 0 1 1 0 1 1 1 1 0 0 0 1 1 1 0 0 0 0 0 1 0 0 0 1 0 0 0 1 0 1 0 1 0 0 1 1 0 0 0 0 1 1 1 1 0 1 0 1 1 1 1 0 0 0 1 1 0 1 1 1 1 1 1 0 0
 1 1 0 0 1 1 1 0 0 0 0 0 0 0 0 0 1 0 0 0 0 1 0 0 1 1 0 0 1 0 1 1 1 1 0 0 0 0 0 1 1 1 1 1 0 0 1 1 1 1 0 0 0 1 0 0 0 0 1 0 1 0 0 1 0 0 0 1 0 0 0 1 0 0 1 0 0 0 1 1 0 0 0 0 0 0 0 0 1 0 0 1 0 0 0 1 1 1 0 1
 1 0 1 1 1 0 0 1 0 0 0 1 1 1 0 1 0 0 0 0 0 0 1 1 0 1 1 1 0 1 0 0 0 0 0 0 1 1 0 0 0 1 1 0 0 0 0 1 0 1 0 0 0 0 1 0 1 0 0 0 1 0 0 0 0 0 0 1 0 0 1 0 0 1 0 0 0 1 1 0 1 0 0 0 1 1 0 0 1 0 1 1 0 0 0 1 0 0 0 0
 1 0 0 0 0 1 1 1 0 1 0 0 0 0 1 1 1 0 1 0 1 1 0 0 0 1 1 1 0 0 0 0 0 0 1 0 0 0 1 0 0 0 1 1 0 1 0 0 1 1 0 1 0 0 0 0 1 1 1 0 0 1 0 1 1 0 0 1 0 0 0 1 0 1 0 0 1 0 1 0 0 0 1 0 0 0 0 1 0 0 1 0 1 0 1 0 0 0 0 0
 0 1 1 0 1 0 1 0 1 1 0 0 0 1 0 0 1 0 0 1 1 0 0 0 0 0 0 0 0 0 1 0 0 0 0 0 0 0 0 1 0 1 1 1 1 0 0 1 1 1 1 0 1 0 0 0 0 1 0 0 1 0 0 0 1 0 1 0 1 0 0 1 0 0 1 1 1 1 0 0 0 1 1 1 1 0 1 0 0 0 1 0 0 1 0 0 0 1 0 0
 0 1 0 1 1 1 0 0 1 0 0 0 1 1 1 0 0 0 1 1 0 0 0 0 1 0 0 0 1 0 0 1 0 0 1 0 1 0 1 0 1 1 1 1 0 0 0 1 1 0 0 0 0 0 0 0 0 0 0 1 0 0 1 1 1 0 0 0 1 1 1 1 0 1 1 0 0 0 0 0 1 1 1 1 0 0 1 0 0 1 1 0 1 1 1 0 0 0 1 0
 1 0 1 1 0 1 1 0 0 0 1 0 0 0 1 1 0 1 0 1 1 1 0 0 0 0 0 1 0 1 0 1 1 0 1 0 0 0 0 0 0 0 1 1 0 0 1 0 0 0 0 0 1 1 0 0 0 0 0 1 0 1 1 1 0 0 1 0 0 0 1 0 0 0 0 0 0 1 1 0 0 0 1 0 1 1 0 0 0 1 0 0 1 1 1 1 1 0 0 0
 1 0 0 0 0 1 0 0 1 0 0 0 0 1 1 0 1 0 0 0 1 0 0 1 1 1 0 1 1 1 0 0 1 0 1 0 0 0 1 1 0 0 0 0 0 1 0 1 1 0 0 0 0 1 1 0 0 0 1 0 1 0 0 0 1 1 1 0 0 0 0 0 1 0 0 0 0 1 0 1 1 1 0 1 1 1 0 0 0 0 0 1 1 1 0 0 0 1 0 0
 0 0 0 0 1 0 0 0 0 0 1 0 0 1 0 0 0 0 1 1 0 0 1 0 0 1 0 0 0 1 1 0 0 0 0 0 1 1 0 0 1 0 0 0 0 0 1 0 0 1 1 1 0 1 0 0 0 1 0 1 0 1 1 0 1 0 0 0 1 0 0 1 1 0 1 0 0 1 0 1 0 0 0 0 1 1 0 0 1 0 0 0 1 1 1 0 0 1 1 1
 0 1 0 0 0 0 1 0 0 0 0 1 0 0 0 0 1 0 1 1 0 0 0 1 0 0 1 1 0 1 1 0 1 0 0 0 0 1 0 0 0 0 1 0 0 0 0 0 0 1 0 0 0 0 0 1 1 0 1 0 0 1 0 1 1 0 0 0 0 0 0 0 0 1 1 0 0 1 1 0 0 1 1 0 1 1 1 1 0 1 0 1 1 1 0 0 0 0 1 0
 0 1 0 0 0 1 0 1 0 0 0 0 0 1 0 0 1 1 1 1 0 1 1 1 1 0 0 0 0 1 1 0 0 0 0 1 1 1 0 1 1 1 1 1 1 0 0 0 0 1 0 1 1 0 1 0 0 1 0 0 0 0 1 0 0 1 0 1 1 0 0 1 0 1 1 1 0 0 0 0 0 0 0 0 1 0 0 0 1 1 0 0 1 0 1 1 0 0 0 0
 0 0 0 0 1 0 0 1 1 0 1 0 0 1 0 1 0 1 0 0 0 0 1 1 0 1 0 0 1 1 1 0 0 0 0 1 0 1 0 0 0 0 0 1 0 0 0 1 0 0 0 0 0 1 0 0 1 0 1 1 0 0 1 1 0 0 0 1 0 0 1 1 0 0 0 0 0 1 0 1 1 1 1 1 0 1 0 0 0 1 1 0 0 0 1 1 1 0 0 0
 1 0 1 0 1 0 1 1 0 1 0 1 0 0 1 1 0 1 0 1 0 1 1 1 1 0 1 0 0 0 0 0 0 1 0 0 0 1 0 0 0 0 1 1 0 0 0 0 0 1 1 0 0 0 0 1 1 0 1 0 1 1 0 1 1 0 1 1 0 0 0 0 1 0 0 1 0 1 0 1 0 0 0 1 0 0 0 1 1 1 0 0 0 0 0 1 1 0 1 1
 0 0 1 1 0 0 0 0 1 1 0 0 1 1 0 0 0 0 0 0 0 0 0 1 0 0 0 0 1 0 0 1 0 1 1 0 0 0 0 0 0 1 1 0 1 0 1 0 0 0 0 1 0 1 0 1 1 0 0 1 0 1 1 0 0 0 0 1 0 1 0 0 0 1 1 1 0 1 1 0 0 1 1 0 1 0 0 1 1 0 1 1 0 0 1 1 0 0 0 0
 1 1 0 1 0 1 1 0 0 0 0 1 1 0 0 0 1 0 1 1 1 0 0 0 1 0 1 1 0 1 0 0 1 1 0 1 0 0 1 0 1 0 0 1 0 0 1 1 0 0 1 0 0 1 1 1 0 1 1 1 0 0 1 0 0 0 1 0 0 1 0 1 0 0 0 0 0 0 0 0 0 1 0 1 0 1 0 0 0 1 0 0 0 1 0 1 0 0 0 0
 0 1 0 1 0 0 1 1 1 0 1 1 0 0 0 0 0 1 0 0 1 1 1 0 1 0 0 1 1 0 0 0 1 0 1 1 0 0 1 0 0 0 1 1 1 0 0 1 0 0 0 0 0 0 0 0 0 1 0 0 1 0 0 0 0 0 1 1 0 0 0 0 0 0 1 0 1 1 0 1 1 1 0 1 1 1 0 1 0 1 0 0 1 1 0 1 0 0 0 0
 0 0 1 1 0 0 1 0 1 1 0 0 1 0 0 0 0 0 0 0 1 1 1 0 0 1 1 0 0 1 1 0 0 1 1 0 1 1 1 0 1 1 1 1 1 1 1 0 0 1 1 0 0 0 1 0 1 1 0 0 0 0 1 0 1 1 0 1 1 0 0 1 0 0 0 0 0 1 1 0 1 1 1 0 1 0 0 0 0 1 0 0 0 0 1 0 1 1 0 0
 1 1 0 0 0 1 1 1 0 0 0 1 1 0 0 1 0 1 0 0 0 0 1 0 0 0 1 1 0 0 0 1 1 1 0 0 1 0 1 1 0 1 1 1 1 0 0 0 1 1 0 1 1 1 0 0 0 0 0 0 1 1 1 1 0 1 1 0 1 0 0 0 0 1 0 1 0 0 1 0 0 1 0 0 0 0 0 0 0 0 1 0 0 1 0 1 1 0 1 1
 0 1 1 0 0 1 0 0 0 0 1 1 1 1 0 0 0 0 1 0 0 0 0 0 0 0 0 1 0 0 1 1 0 0 1 0 0 0 1 0 1 1 0 0 1 1 1 0 0 0 0 0 0 0 1 1 0 0 1 0 1 0 0 0 0 0 1 1 0 1 1 1 1 0 0 0 0 1 1 0 1 1 0 1 1 0 1 1 0 1 0 1 0 1 1 1 0 1 1 1
 0 1 0 0 0 1 0 0 1 1 1 0 0 0 0 0 1 0 0 1 1 1 0 0 1 0 0 0 1 0 1 0 0 0 1 1 1 0 0 1 1 0 1 1 0 0 1 1 0 0 1 0 0 0 0 1 0 0 0 0 0 0 0 1 1 0 0 0 1 0 1 0 1 1 1 1 0 1 1 0 1 0 1 1 0 0 0 0 0 0 0 0 1 1 1 1 0 0 0 0
 1 0 0 1 1 1 1 1 1 0 0 1 0 1 1 1 0 1 0 0 0 0 0 0 1 0 1 0 1 1 1 0 0 0 0 0 0 0 1 0 0 0 0 1 0 1 0 1 1 1 1 0 1 0 0 1 1 0 0 0 0 1 0 0 0 0 0 0 1 1 0 0 0 1 0 0 1 1 0 1 1 1 1 1 1 1 1 1 0 0 0 0 0 0 1 0 0 1 0 0
 0 1 0 1 0 1 0 1 0 1 0 1 0 1 0 1 0 0 1 0 1 0 1 1 1 0 0 0 0 1 0 0 0 0 0 1 1 0 0 0 0 1 0 1 1 1 0 1 0 0 0 1 0 1 1 1 0 0 1 0 1 1 0 0 1 0 1 0 1 0 0 0 1 0 0 0 0 0 0 0 1 1 1 0 0 0 1 0 1 0 1 1 0 0 1 0 1 1 1 0
 0 0 0 1 0 1 0 0 0 0 0 0 1 1 0 0 0 1 0 0 0 1 0 0 1 0 0 1 0 1 0 0 0 0 0 1 0 0 1 1 0 0 0 1 0 1 0 1 0 1 0 0 0 0 0 0 0 1 1 0 0 0 1 0 0 0 0 0 1 1 0 1 0 0 0 0 1 0 0 1 1 1 1 0 1 0 0 0 0 1 0 1 0 0 1 1 0 0 0 0
 0 0 0 0 0 0 0 0 0 0 0 0 1 0 0 0 0 0 0 0 1 1 0 0 0 0 1 0 1 0 0 1 0 0 0 0 0 1 0 1 0 1 0 0 0 1 0 1 0 0 0 0 1 1 0 1 0 0 0 1 1 0 0 1 0 0 0 1 0 1 1 0 0 0 1 0 1 1 0 1 0 1 1 1 0 0 0 0 0 1 1 1 0 0 1 1 1 0 1 0
 0 0 0 0 1 0 0 1 1 0 0 1 1 1 1 1 1 1 0 0 0 1 0 0 1 0 1 1 0 0 0 0 1 1 0 0 0 0 1 0 0 0 0 1 1 0 1 0 0 0 0 1 0 0 1 1 0 0 1 1 1 0 0 1 0 1 0 0 0 1 0 0 0 1 0 0 0 0 0 0 0 0 0 0 0 0 0 0 0 0 1 1 0 0 0 0 1 1 1 0
 0 0 0 1 0 0 1 1 1 1 1 0 1 1 1 1 0 0 1 0 0 0 1 0 1 0 1 0 0 1 0 1 0 0 0 1 1 1 0 0 1 1 0 0 0 0 0 0 0 0 1 0 0 0 1 0 0 0 0 0 1 0 1 1 0 0 0 1 0 1 0 0 0 0 0 0 1 1 1 0 1 1 0 0 0 1 1 0 0 1 0 0 1 0 0 1 0 0 0 0
 1 1 0 0 0 0 0 0 1 0 0 0 1 1 0 1 1 1 0 1 0 0 1 0 1 1 1 0 0 0 0 0 0 1 0 0 0 0 1 1 0 0 1 0 1 0 1 0 1 0 1 0 0 1 1 0 0 0 0 0 0 0 0 0 0 1 0 0 0 0 1 0 1 1 0 1 0 0 0 0 1 0 1 0 0 0 0 0 0 0 0 1 0 1 0 0 1 1 1 1
 0 1 0 0 0 0 1 1 0 0 1 1 1 1 1 0 0 0 0 1 0 1 0 0 0 0 1 1 0 1 0 0 0 1 0 0 1 1 0 0 1 0 0 1 1 0 1 1 0 1 1 0 1 0 1 0 1 1 1 1 0 1 1 1 0 1 1 0 1 1 1 0 0 1 0 1 0 0 1 1 0 0 0 0 0 1 0 0 1 1 0 0 1 1 0 0 0 0 1 0
 1 0 0 1 1 0 1 0 0 0 0 0 0 1 0 1 0 0 0 0 0 1 0 0 0 0 0 0 1 1 1 0 1 1 1 0 1 0 0 0 0 1 1 0 0 0 0 0 0 1 1 1 1 1 0 0 1 0 0 1 0 0 0 1 0 0 1 1 1 1 0 0 0 0 0 1 0 1 0 1 0 1 0 0 0 1 1 0 0 0 1 0 1 0 0 0 0 1 0 1
 1 0 1 0 0 0 0 1 0 0 1 1 1 1 0 0 1 1 0 0 0 1 0 1 0 1 0 1 1 0 0 0 1 1 1 0 0 1 0 0 0 0 0 1 0 0 0 0 0 0 0 1 0 0 0 0 0 1 1 0 0 1 1 0 0 1 0 0 0 0 1 0 1 1 0 0 0 1 1 0 1 0 1 1 0 0 1 0 0 0 1 1 1 1 0 0 1 0 1 0
 0 0 0 1 1 1 1 1 1 0 0 0 0 0 0 0 0 1 1 0 1 0 1 0 1 0 0 1 0 0 0 1 1 1 0 1 0 0 0 0 1 0 1 0 1 1 0 1 1 1 1 0 1 0 0 1 0 1 0 0 0 1 0 0 0 1 1 0 1 1 1 1 1 0 0 1 1 0 0 1 0 0 1 1 1 1 0 1 1 0 0 1 1 0 1 0 0 0 1 1
 0 0 1 0 1 0 1 1 0 1 1 0 0 0 1 1 0 1 0 0 0 1 1 0 1 0 1 1 1 0 1 0 1 1 1 0 0 0 1 0 1 0 1 0 1 0 1 0 0 1 0 0 0 0 1 1 0 1 0 1 0 1 0 1 1 1 1 1 1 0 1 1 1 1 0 1 0 0 1 0 0 0 0 1 0 0 0 1 1 1 0 0 0 0 0 0 1 1 0 0
 0 1 0 0 0 0 0 0 0 1 0 0 0 1 1 1 1 0 0 0 1 1 0 0 1 0 0 0 0 0 1 1 0 1 0 1 0 0 0 0 0 1 1 0 0 0 0 0 1 1 1 0 0 1 1 1 1 0 0 1 0 1 0 1 0 0 1 0 0 1 1 1 1 1 0 0 1 0 0 1 1 0 0 0 1 0 1 0 1 0 0 0 0 0 0 0 0 1 0 0
 1 0 1 1 1 0 0 0 1 0 0 1 0 1 1 1 0 1 1 0 1 0 0 0 1 0 0 0 0 1 0 0 0 0 1 0 1 0 0 0 0 0 0 0 0 1 1 1 0 0 1 0 0 0 1 1 0 1 0 0 0 1 1 0 1 1 0 0 1 1 1 0 0 1 0 0 0 0 0 1 1 1 0 0 0 0 1 0 1 0 0 0 1 0 0 0 0 1 0 1
 0 0 0 1 0 0 0 0 1 1 0 0 1 0 1 0 1 0 0 0 1 0 1 1 0 1 0 1 0 0 0 1 1 1 0 0 0 1 1 1 0 0 0 1 0 0 1 0 0 0 1 0 1 0 1 0 1 1 1 1 1 0 0 1 0 1 1 0 1 0 1 0 1 0 0 0 0 0 0 0 1 0 1 0 0 1 1 1 0 0 0 0 0 0 1 0 1 1 0 0
 0 1 0 0 0 0 0 1 0 0 0 0 1 0 1 1 1 1 0 0 0 0 1 1 1 0 0 1 1 0 0 0 1 0 1 0 1 1 1 0 0 0 1 0 0 0 0 1 1 1 1 0 1 0 0 0 1 1 1 1 0 1 0 0 1 1 0 0 0 0 1 0 0 0 0 1 0 1 1 0 1 0 0 0 1 0 0 0 1 1 1 1 1 1 0 0 0 1 1 1
 1 0 0 1 1 1 1 1 1 1 0 0 1 1 0 0 0 0 0 0 0 1 0 1 1 0 0 1 1 1 1 1 1 0 0 0 0 1 1 0 0 0 0 0 1 1 1 0 1 1 0 0 0 0 1 1 0 0 0 1 0 0 0 0 0 0 0 0 1 0 1 1 0 0 0 1 0 0 1 1 0 0 1 1 1 0 0 1 1 1 0 1 0 1 0 0 0 0 1 0
 0 0 0 0 0 0 1 0 1 0 0 1 0 0 0 1 0 1 0 1 0 0 0 0 0 1 0 0 1 0 0 0 1 1 0 0 1 0 0 0 1 0 1 0 0 0 0 0 0 1 0 0 0 1 0 0 0 0 0 1 0 0 1 1 0 1 0 0 1 0 1 0 0 0 0 0 0 0 0 0 1 1 0 0 1 0 1 0 1 0 0 0 0 0 0 0 0 1 0 0
 1 0 0 0 0 0 0 0 1 0 1 1 1 0 1 1 0 0 0 1 1 1 1 1 0 0 0 1 0 1 1 1 0 1 1 0 1 1 1 0 0 0 1 1 0 0 0 1 1 1 0 1 1 0 0 0 0 0 1 0 1 0 1 1 0 0 0 0 0 0 0 1 0 0 0 0 0 1 0 0 1 1 1 1 0 1 1 1 0 0 1 1 0 1 1 0 1 0 0 0
 1 1 0 0 0 0 0 0 1 0 0 1 1 0 0 0 0 1 1 1 1 1 0 1 0 1 1 0 1 1 0 0 0 1 0 0 0 0 0 0 0 0 1 1 0 0 0 1 1 1 1 0 0 0 0 1 1 0 0 1 1 1 1 0 1 1 1 0 1 0 0 0 1 1 0 1 0 1 0 0 0 1 0 0 0 1 1 0 0 0 1 0 0 1 1 0 0 0 0 0
 1 1 1 1 1 0 1 1 0 0 0 0 1 0 1 0 0 1 0 0 0 1 1 1 0 0 1 1 1 0 0 0 0 0 0 0 0 1 0 0 1 0 1 0 0 1 0 0 0 0 1 0 1 1 1 1 0 0 0 0 0 1 0 1 0 0 0 1 0 0 0 1 0 1 1 0 0 0 1 1 0 0 0 0 0 1 0 0 1 1 0 1 1 1 0 1 1 0 0 1
 0 0 0 1 0 1 0 0 1 1 1 1 0 0 1 1 1 1 1 1 1 1 1 1 0 1 0 0 1 1 0 1 1 0 0 1 0 1 0 0 1 1 0 1 0 1 1 0 0 0 0 1 1 0 0 0 0 1 0 1 0 0 0 1 0 0 0 0 1 0 0 1 1 1 1 0 1 0 0 1 1 0 0 0 0 1 1 0 1 0 1 0 1 1 0 0 1 0 1 0
 0 0 0 0 1 1 0 0 0 0 0 0 1 0 1 0 0 0 0 1 0 0 0 0 1 1 1 0 0 0 1 1 0 1 1 0 0 1 0 1 0 0 0 0 0 0 1 0 1 0 1 0 0 1 0 1 1 1 1 1 1 0 0 0 0 1 0 0 0 1 0 0 0 0 0 1 0 1 1 1 1 0 0 1 0 1 0 0 0 0 1 1 0 0 0 1 0 0 1 1
 1 0 0 0 0 1 0 0 0 0 0 0 1 1 1 1 0 1 0 0 1 0 1 0 0 0 0 0 0 0 0 0 0 0 1 0 1 1 0 0 0 0 1 0 0 0 0 1 1 1 1 0 0 0 1 1 1 1 1 1 0 0 0 0 1 1 0 1 1 1 0 0 0 0 0 0 1 1 0 1 0 0 0 0 0 1 1 0 1 1 1 1 0 0 1 0 0 0 0 0
 1 0 0 1 1 0 0 0 1 1 0 0 1 0 1 0 1 0 0 1 1 0 1 0 0 0 1 0 1 1 1 0 1 0 0 0 0 0 0 1 0 1 1 1 0 0 0 0 0 0 1 0 0 1 0 1 1 0 1 0 1 1 0 1 0 0 1 0 1 1 1 1 1 1 0 0 0 0 0 0 1 0 0 0 1 0 0 0 1 1 0 0 0 1 0 0 0 0 0 0
 0 1 0 1 1 1 1 0 0 0 0 0 1 1 0 0 1 1 0 0 0 1 1 0 0 0 1 1 0 0 1 0 0 0 1 0 0 0 1 0 1 0 0 0 0 1 1 0 0 1 1 1 1 0 0 0 1 0 0 0 1 1 1 1 1 1 0 1 1 1 0 0 1 1 0 1 0 0 0 0 0 0 0 0 0 0 0 0 0 0 1 0 1 0 0 0 1 0 0 0
 0 0 0 1 0 0 0 1 1 0 0 0 0 0 0 0 1 0 1 0 0 1 1 0 0 0 0 1 0 1 0 0 1 0 0 0 0 1 0 1 0 1 1 1 0 0 0 1 0 0 1 1 0 0 0 0 1 0 0 0 0 1 1 0 0 0 1 1 0 0 0 1 0 1 1 0 1 0 0 1 0 1 0 0 1 0 0 0 1 0 1 1 0 0 0 1 0 0 0 1
 0 0 1 0 0 0 0 1 1 0 1 1 1 0 0 1 1 0 1 0 0 0 0 1 1 0 0 0 0 0 1 1 0 1 1 1 1 0 0 1 1 1 0 0 0 0 1 0 0 0 1 1 0 0 1 0 0 1 1 0 0 0 0 0 0 0 1 0 1 0 1 1 0 0 1 0 1 0 1 0 0 1 1 1 1 1 0 1 0 0 0 0 0 0 0 0 0 0 0 0
 0 0 1 0 1 0 1 0 0 0 0 0 0 0 1 1 1 0 0 0 1 1 0 0 1 0 0 0 1 0 0 0 0 0 0 0 0 1 1 0 0 1 1 1 0 0 0 0 0 1 0 0 0 0 0 1 0 0 1 1 0 0 1 0 0 0 0 1 1 0 0 1 0 1 1 0 1 1 0 1 1 0 0 0 0 1 1 0 0 0 0 1 1 0 0 0 0 0 0 0
 0 0 0 1 0 0 0 0 1 0 0 1 0 0 0 0 1 1 0 0 0 1 1 0 1 1 0 0 0 1 0 1 0 0 0 1 0 1 0 0 0 0 0 0 0 1 1 0 1 0 0 1 0 0 0 0 0 0 1 0 0 0 1 0 0 0 0 1 1 0 0 0 0 0 0 0 1 0 1 0 1 0 0 1 0 1 0 0 0 0 1 0 1 0 0 0 1 0 0 0
