100
   72   98   92  119   30   37  109   91   70   93  102   90   68   94  105   84   59   72   54  113   42   23   67   61  116   79   39  100   51   93   62   33  120   88   83   48   55  115   91   31   80   52   53   66  109   78   95   57   48   78   65   62   24   30   81  101   24  118   85  119  118   38   43  103  111   89   37  120  102  100   92   77   22   52  111  117   60   47   27   37  110   22   45   59   71   92   94   46   73   37  113   26   49   43   28   21   55   20   24   22
 0 1 0 1 0 0 0 0 1 1 0 0 0 0 1 0 0 0 1 1 0 0 0 1 0 0 1 1 0 0 1 0 0 0 0 0 1 1 0 0 1 0 1 0 1 0 1 0 0 0 0 1 0 0 1 0 0 0 1 0 1 0 0 0 1 0 0 0 0 1 0 1 1 0 0 1 0 0 0 0 1 0 0 0 0 1 1 0 1 0 1 0 1 1 1 0 0 0 0 0
 1 0 0 0 1 1 0 1 0 1 1 0 1 1 0 1 0 1 0 1 0 0 0 1 0 1 1 1 0 0 0 1 0 0 1 1 0 1 0 0 0 0 1 0 1 1 0 1 1 1 0 0 0 0 0 0 0 1 0 0 0 1 1 1 0 0 1 0 0 1 0 0 1 0 1 1 0 0 1 0 0 0 1 0 0 0 1 0 0 1 1 0 1 0 0 0 0 0 0 0
 0 0 0 1 0 1 0 1 1 0 0 1 1 0 1 1 0 1 0 1 0 1 0 0 0 0 1 0 0 1 1 0 1 0 1 1 0 0 1 1 0 0 0 0 0 0 0 0 0 1 1 1 0 0 0 0 1 0 1 0 1 0 1 0 0 1 1 1 1 0 1 1 0 0 0 0 0 0 0 0 0 1 0 1 0 0 1 0 0 0 1 1 1 1 0 1 0 0 0 1
 1 0 1 0 0 1 0 1 1 0 0 0 0 0 0 0 0 1 0 0 1 0 1 1 0 0 0 0 1 0 1 1 0 0 0 0 1 0 1 0 0 0 1 1 0 0 0 0 1 0 1 1 0 1 0 1 0 0 0 0 1 0 0 1 0 0 1 0 1 1 1 0 0 0 0 1 0 0 1 0 0 0 0 0 1 0 1 0 0 0 1 1 1 0 1 0 0 1 0 1
 0 1 0 0 0 0 0 1 0 1 0 0 0 1 0 1 0 1 1 0 0 1 0 0 0 1 0 0 0 0 0 1 0 0 1 0 0 1 0 1 1 0 0 1 0 0 0 0 0 0 1 0 1 0 0 1 0 1 0 1 1 0 1 0 0 0 1 0 0 1 0 0 0 1 0 0 0 1 1 1 1 0 1 1 1 1 0 1 1 0 1 1 0 0 1 0 1 1 1 0
 0 1 1 1 0 0 0 1 1 0 1 0 0 0 0 0 1 0 0 0 0 1 1 1 0 1 0 1 1 1 0 0 0 0 1 1 1 0 1 1 1 1 0 1 0 0 0 1 0 0 0 1 1 0 0 0 1 0 0 0 1 0 0 0 1 1 0 0 0 0 0 1 1 1 1 1 1 0 0 0 0 0 0 1 1 1 0 0 1 1 0 1 0 0 0 1 0 0 0 1
 0 0 0 0 0 0 0 1 0 0 0 1 1 0 0 0 1 1 1 0 1 0 1 1 1 1 0 0 0 0 0 1 0 0 1 0 0 0 1 0 0 1 0 0 0 0 1 1 1 1 0 0 0 0 0 0 0 0 0 0 1 1 1 0 0 1 1 1 0 0 1 0 0 0 1 0 0 0 1 0 0 1 0 0 0 0 1 0 1 0 0 0 0 0 0 0 0 0 0 1
 0 1 1 1 1 1 1 0 0 0 0 0 0 1 1 1 0 0 0 0 1 1 1 1 0 0 1 0 0 0 0 0 0 0 0 1 1 0 0 0 0 1 0 0 1 1 0 0 1 1 1 0 1 1 0 1 1 0 0 1 1 0 0 0 0 0 1 0 1 1 0 1 1 0 0 0 1 1 0 0 1 1 0 1 1 1 1 1 1 1 0 0 1 0 1 0 1 1 0 0
 1 0 1 1 0 1 0 0 0 0 0 0 0 0 0 0 0 0 0 0 0 1 1 0 0 0 0 0 0 0 1 0 0 0 1 1 1 1 1 0 0 0 1 0 0 0 0 0 0 0 0 1 0 0 0 0 0 0 1 0 1 0 1 1 1 0 0 1 1 0 1 1 1 0 1 0 0 1 0 0 0 0 1 1 0 0 1 0 0 0 0 0 1 1 0 1 0 0 0 0
 1 1 0 0 1 0 0 0 0 0 0 1 1 1 0 0 0 0 0 1 1 0 1 1 1 0 1 0 0 0 0 1 0 0 0 0 0 1 0 0 1 1 1 0 0 0 0 0 0 0 1 0 0 1 0 0 0 1 0 0 1 1 0 1 1 0 1 1 0 1 0 1 0 0 0 1 0 1 0 1 0 0 1 0 0 1 1 0 1 0 0 0 0 1 1 0 0 0 0 1
 0 1 0 0 0 1 0 0 0 0 0 0 1 0 0 1 0 1 0 0 1 0 0 0 0 0 0 1 0 1 1 0 1 1 0 1 0 0 0 0 0 0 1 1 1 1 1 0 0 1 1 1 0 1 0 0 1 1 0 1 0 0 1 0 0 1 1 0 1 1 0 1 0 1 1 1 1 1 0 0 1 0 0 0 0 1 1 0 0 0 0 0 0 1 0 0 0 0 1 1
 0 0 1 0 0 0 1 0 0 1 0 0 0 1 0 0 0 1 0 1 1 0 0 0 1 1 0 1 0 0 0 1 1 1 0 1 1 1 0 1 0 1 1 1 1 0 1 1 0 1 1 1 0 0 1 0 1 1 0 0 1 0 0 0 0 0 0 1 0 0 1 1 1 0 0 0 1 0 1 1 0 0 0 0 1 1 0 0 0 0 0 0 1 0 1 0 0 1 0 1
 0 1 1 0 0 0 1 0 0 1 1 0 0 0 0 0 0 1 0 1 1 1 1 1 0 0 0 1 1 0 0 1 1 0 0 1 0 1 1 0 0 1 0 0 1 0 0 0 1 0 0 1 0 0 1 0 0 1 1 1 0 0 0 0 0 0 0 1 0 1 1 1 1 0 0 0 1 0 0 0 1 0 0 0 0 0 0 1 0 1 1 1 1 1 0 0 0 0 1 1
 0 1 0 0 1 0 0 1 0 1 0 1 0 0 1 1 0 1 1 1 0 0 0 0 0 0 0 0 1 0 0 0 0 1 0 0 1 1 0 0 0 0 1 0 1 1 1 0 0 0 0 0 1 1 1 0 0 0 1 0 0 1 1 0 0 0 1 1 1 0 1 0 0 0 0 1 1 1 1 1 0 0 0 0 0 1 1 0 1 0 1 0 1 0 0 0 0 0 0 0
 1 0 1 0 0 0 0 1 0 0 0 0 0 1 0 0 0 1 0 0 0 0 0 0 0 1 0 1 0 0 0 1 1 0 1 0 0 0 1 0 0 1 0 1 1 1 1 0 0 1 1 0 0 1 1 0 1 0 0 0 0 0 0 1 1 0 0 0 1 0 0 1 0 1 0 0 0 1 1 1 1 0 1 1 0 0 0 1 0 0 0 1 0 1 0 0 1 0 0 1
 0 1 1 0 1 0 0 1 0 0 1 0 0 1 0 0 1 0 1 1 0 0 1 0 0 1 1 0 1 0 1 1 0 1 0 0 0 1 0 1 1 1 1 0 0 1 0 0 1 0 1 1 0 0 1 0 1 1 0 1 0 0 0 1 0 0 1 0 0 0 1 0 1 0 0 0 1 1 1 0 0 0 0 1 1 1 0 0 1 0 0 0 0 0 1 0 0 1 0 1
 0 0 0 0 0 1 1 0 0 0 0 0 0 0 0 1 0 1 1 0 1 0 1 1 1 0 1 0 1 1 0 0 0 1 1 0 1 1 0 0 1 1 0 0 1 0 0 0 1 0 0 1 0 0 0 1 1 1 0 0 0 1 1 1 0 0 1 0 0 1 0 0 1 0 0 0 0 0 0 1 0 1 1 0 1 0 0 0 1 0 1 1 0 0 1 0 1 1 1 0
 0 1 1 1 1 0 1 0 0 0 1 1 1 1 1 0 1 0 0 1 0 1 1 0 0 0 0 1 0 0 1 1 1 0 0 0 1 1 0 1 0 0 1 0 1 1 1 1 1 0 1 1 1 0 0 0 0 0 1 0 0 0 1 1 0 0 0 1 0 1 0 0 0 0 0 0 0 0 0 0 0 1 0 1 0 0 0 0 1 1 1 0 0 1 0 1 1 0 0 0
 1 0 0 0 1 0 1 0 0 0 0 0 0 1 0 1 1 0 0 0 0 0 1 1 1 1 0 1 1 0 1 0 1 1 0 0 1 0 1 0 1 0 0 0 1 1 0 1 0 1 0 0 0 0 0 1 1 0 0 1 0 0 1 1 1 0 0 0 1 0 0 0 0 0 0 1 0 0 1 1 0 0 0 0 1 0 1 0 0 0 1 0 0 1 0 1 0 0 0 1
 1 1 1 0 0 0 0 0 0 1 0 1 1 1 0 1 0 1 0 0 1 0 1 1 0 0 1 0 0 1 0 1 0 1 1 1 1 0 1 1 0 1 0 0 1 0 0 0 0 1 0 0 0 0 0 1 1 0 0 0 0 0 0 0 0 0 0 0 0 0 1 0 1 0 1 0 0 0 0 0 0 0 1 0 0 1 0 1 0 0 1 0 0 1 0 0 0 0 1 0
 0 0 0 1 0 0 1 1 0 1 1 1 1 0 0 0 1 0 0 1 0 0 0 0 1 1 0 0 0 1 1 1 0 0 1 1 0 1 0 0 0 0 0 0 0 1 0 1 0 0 0 1 0 0 0 0 0 0 0 0 0 1 0 0 0 0 0 1 0 0 0 1 1 1 0 0 0 1 0 0 1 1 1 0 1 1 1 1 0 0 0 0 1 0 0 1 1 1 1 0
 0 0 1 0 1 1 0 1 1 0 0 0 1 0 0 0 0 1 0 0 0 0 1 1 0 1 0 1 0 0 1 0 0 1 0 0 1 1 0 1 0 0 0 0 1 1 0 0 0 0 0 1 0 0 0 0 1 0 0 1 1 0 1 0 1 1 1 0 0 0 0 0 1 0 1 0 1 1 1 1 0 0 0 1 0 0 0 1 0 0 0 0 1 0 0 1 1 0 1 1
 0 0 0 1 0 1 1 1 1 1 0 0 1 0 0 1 1 1 1 1 0 1 0 0 0 0 1 0 1 1 0 0 0 1 0 1 0 0 1 1 0 0 1 0 0 1 0 0 0 0 0 1 1 0 0 1 0 1 0 0 1 0 1 0 0 1 0 0 0 0 0 0 0 0 0 0 1 0 0 1 1 1 1 1 0 0 1 0 0 0 0 0 0 1 0 0 0 0 1 1
 1 1 0 1 0 1 1 1 0 1 0 0 1 0 0 0 1 0 1 1 0 1 0 0 0 0 0 0 1 0 0 0 1 1 0 0 1 0 1 1 1 0 0 0 1 0 1 1 0 0 0 0 0 0 1 0 0 0 0 0 0 1 0 0 1 1 0 1 0 0 0 0 0 0 0 1 0 0 0 0 1 0 1 0 1 1 0 0 0 1 0 0 1 0 1 0 0 1 1 0
 0 0 0 0 0 0 1 0 0 1 0 1 0 0 0 0 1 0 1 0 1 0 0 0 0 0 1 0 0 1 0 0 1 0 1 0 0 0 0 0 0 0 0 1 0 1 1 0 1 0 0 0 0 1 0 0 0 1 0 1 0 1 0 1 1 0 0 0 0 0 1 0 1 1 1 0 0 0 1 1 0 0 0 1 1 0 0 0 0 0 1 0 0 1 0 1 0 1 0 0
 0 1 0 0 1 1 1 0 0 0 0 1 0 0 1 1 0 0 1 0 1 1 0 0 0 0 0 1 0 0 0 1 1 0 0 1 1 0 1 0 1 1 0 1 1 1 0 0 0 0 0 1 0 0 0 1 1 0 0 0 0 1 0 1 0 0 1 0 1 0 0 0 0 1 1 0 1 1 0 1 1 0 1 1 0 1 1 1 0 0 1 0 0 1 0 0 0 0 0 0
 1 1 1 0 0 0 0 1 0 1 0 0 0 0 0 1 1 0 0 1 0 0 1 0 1 0 0 0 0 1 0 0 1 1 0 0 0 0 1 0 1 0 1 1 1 1 1 0 1 1 1 1 0 0 1 1 1 1 0 1 0 0 0 1 0 0 1 1 0 0 0 0 1 1 1 0 1 1 0 0 0 0 0 0 0 0 1 0 0 0 0 0 1 1 1 0 1 1 0 1
 1 1 0 0 0 1 0 0 0 0 1 1 1 0 1 0 0 1 1 0 0 1 0 0 0 1 0 0 1 1 1 0 1 0 0 1 1 0 1 1 0 0 0 1 0 1 0 0 0 0 0 1 0 1 1 0 1 0 0 0 0 0 0 0 0 1 0 1 0 0 0 1 0 0 0 1 1 1 1 1 0 0 0 0 1 1 0 1 0 1 0 1 0 0 1 1 0 1 1 1
 0 0 0 1 0 1 0 0 0 0 0 0 1 1 0 1 1 0 1 0 0 0 1 1 0 0 0 1 0 1 0 1 0 0 0 1 1 1 1 0 0 1 0 0 1 0 0 0 1 1 0 1 1 0 1 0 1 1 1 0 0 1 0 1 1 1 0 0 0 0 0 0 0 0 1 1 0 1 0 0 1 1 1 1 1 1 0 1 0 1 0 0 0 1 1 1 0 0 0 0
 0 0 1 0 0 1 0 0 0 0 1 0 0 0 0 0 1 0 0 1 1 0 1 0 1 0 1 1 1 0 0 0 0 1 0 0 0 0 0 1 0 0 0 1 0 1 1 0 0 0 1 1 1 1 0 1 0 1 0 0 1 1 0 0 1 1 0 1 1 0 0 1 1 1 0 1 0 1 0 0 0 0 1 0 0 0 1 1 1 1 0 0 0 1 1 0 0 0 1 1
 1 0 1 1 0 0 0 0 1 0 1 0 0 0 0 1 0 1 1 0 1 1 0 0 0 0 0 1 0 0 0 0 0 1 1 0 1 0 0 1 0 1 0 1 1 1 1 0 0 1 1 0 1 1 0 0 0 1 1 1 0 1 0 0 1 0 1 0 0 0 1 0 1 0 0 0 1 1 0 0 0 0 1 0 1 0 1 1 0 1 0 1 1 0 0 0 0 1 0 1
 0 1 0 1 1 0 1 0 0 1 0 1 1 0 1 1 0 1 0 1 1 0 0 0 0 1 0 0 1 0 0 0 0 0 0 1 1 0 0 0 0 0 0 1 1 0 0 0 1 1 0 0 1 1 0 0 1 0 0 0 0 0 0 1 1 0 0 1 1 1 1 0 0 0 0 0 1 1 1 0 0 0 1 0 0 1 1 0 0 1 0 1 0 0 0 0 0 0 1 0
 0 0 1 0 0 0 0 0 0 0 1 1 1 0 1 0 0 1 1 0 0 0 0 1 1 1 1 1 0 0 0 0 0 0 0 0 0 0 1 0 1 0 1 0 1 0 1 0 1 0 1 1 0 1 0 0 0 0 0 1 0 0 1 0 1 0 0 0 0 0 0 0 1 0 1 0 0 0 1 1 1 1 1 1 1 0 0 0 0 1 1 1 1 1 0 0 0 1 0 1
 0 0 0 0 0 0 0 0 0 0 1 1 0 1 0 1 1 0 1 1 0 1 1 1 0 0 1 0 0 1 1 0 0 0 1 0 1 0 0 0 1 0 0 0 0 0 0 0 0 0 1 0 0 1 0 1 0 1 1 0 1 1 1 0 0 0 0 0 0 1 0 0 1 0 1 0 1 1 1 1 1 0 0 0 0 1 0 1 0 0 0 0 0 0 1 0 1 0 1 1
 0 1 1 0 1 1 1 0 1 0 0 0 0 0 1 0 1 0 0 1 1 0 0 0 1 0 0 0 0 0 1 0 0 1 0 1 0 1 0 0 0 1 1 1 0 0 0 0 0 0 1 0 1 0 1 0 0 1 1 0 0 0 0 1 0 0 0 1 0 0 0 1 1 0 1 0 0 1 1 1 1 0 0 0 0 0 0 0 1 0 1 1 1 0 1 1 1 0 1 1
 0 1 1 0 0 1 0 1 1 0 1 1 1 0 0 0 0 0 0 1 1 0 1 0 0 1 0 1 1 0 0 1 0 0 1 0 1 0 0 0 1 0 1 0 0 1 0 0 1 1 1 0 1 1 1 0 0 0 1 0 0 0 1 0 0 1 0 1 1 0 1 0 0 1 1 0 1 0 1 1 0 1 0 1 0 0 0 0 1 1 1 1 0 0 1 0 1 1 0 1
 1 0 0 1 0 1 0 1 1 0 0 1 0 1 0 0 1 1 1 1 0 1 0 1 0 1 0 1 1 0 1 1 0 1 0 1 0 0 0 1 1 0 0 0 0 1 1 0 0 1 0 0 0 0 0 1 0 0 1 0 1 0 0 0 0 0 0 0 0 1 0 1 0 1 1 1 0 1 1 1 0 0 0 1 0 1 0 0 0 1 0 1 0 0 1 0 0 0 1 0
 1 1 0 0 1 0 0 0 1 1 0 1 1 1 0 1 1 1 0 0 1 1 0 0 0 0 0 0 1 0 0 0 0 0 1 0 0 0 0 1 1 0 1 1 0 0 1 0 0 0 0 1 0 0 0 0 0 0 0 1 0 1 1 1 0 1 1 0 1 0 1 1 0 0 0 1 0 0 0 0 1 0 0 0 1 1 1 0 0 1 0 0 0 0 0 1 0 1 0 0
 0 0 1 1 0 1 1 0 1 0 0 0 1 0 1 0 0 0 1 1 0 0 1 1 0 1 1 1 1 0 0 0 1 0 0 0 0 0 0 1 0 0 0 1 0 0 1 0 0 1 0 0 0 1 1 0 0 0 0 1 1 0 1 0 1 0 1 0 0 1 1 0 0 1 0 1 0 1 1 1 1 0 1 1 1 1 1 1 0 1 1 0 1 0 1 0 1 1 0 1
 0 0 1 0 1 1 0 0 0 0 0 1 0 0 0 1 0 1 0 1 0 1 1 1 0 0 0 1 0 1 1 0 0 0 0 0 1 1 1 0 0 1 0 0 1 0 0 1 0 1 0 0 0 0 0 0 1 0 0 0 0 0 1 0 1 1 0 0 0 1 0 0 0 0 1 1 1 1 0 1 1 1 1 0 0 1 0 0 1 0 1 1 0 1 0 0 1 1 0 1
 1 0 0 0 1 1 0 0 0 1 0 0 0 0 0 1 1 0 1 0 0 0 0 1 0 1 1 0 0 0 0 0 1 1 0 1 1 1 0 0 0 0 0 1 1 0 1 0 0 0 1 0 0 0 0 1 0 0 1 0 0 0 1 1 0 0 1 1 0 0 1 0 1 1 0 0 0 0 0 1 0 1 0 1 0 0 1 1 0 0 0 0 1 1 0 0 0 0 1 0
 0 0 0 0 0 1 1 1 0 1 0 1 1 0 1 1 1 0 0 1 0 0 0 0 0 1 0 0 1 0 1 0 0 0 1 0 0 0 0 1 0 0 1 1 0 1 1 1 0 1 0 1 0 1 0 1 1 1 1 1 0 1 0 0 1 0 1 0 0 1 0 1 0 0 0 1 0 1 1 0 0 1 1 0 0 1 0 0 0 1 1 1 0 0 0 0 0 1 1 1
 1 1 0 1 0 0 0 0 1 1 1 1 0 1 0 1 0 1 0 0 0 0 1 0 0 0 1 0 0 0 0 0 1 0 1 1 0 1 0 0 0 1 0 0 0 1 0 0 1 0 0 0 0 1 1 0 0 1 1 0 0 1 0 0 0 1 0 1 1 0 0 0 0 0 0 1 0 0 0 1 0 1 1 0 0 1 1 1 0 0 0 1 0 0 0 0 0 0 0 1
 0 0 0 1 1 1 0 0 0 0 1 1 0 0 1 0 0 0 0 0 0 0 0 0 1 1 1 1 0 1 1 1 0 0 1 0 0 1 1 0 1 1 0 0 0 1 0 0 0 0 0 0 1 1 1 1 1 0 0 0 1 0 0 0 1 0 1 0 0 0 0 0 1 1 0 1 0 1 0 0 0 1 0 0 0 0 0 0 1 0 0 1 0 1 1 0 1 0 1 0
 1 1 0 0 0 0 0 1 0 0 1 1 1 1 1 0 1 1 1 1 0 1 0 1 0 1 1 0 1 0 1 1 1 0 0 0 0 0 0 1 1 0 0 0 0 0 0 0 1 0 1 1 0 0 1 1 0 0 0 0 0 0 0 1 0 1 0 0 0 0 1 0 0 0 0 1 1 0 0 0 0 0 1 0 0 1 1 1 1 1 0 0 0 0 0 0 1 1 1 1
 0 1 0 0 0 0 0 1 0 0 1 0 0 1 1 1 0 1 1 0 1 1 1 0 1 1 1 1 0 1 1 0 0 0 0 1 1 0 0 0 0 1 1 1 0 0 1 0 0 1 0 0 1 1 1 0 0 1 0 1 1 0 1 0 0 0 0 0 1 0 1 0 0 0 0 0 1 0 0 1 0 0 0 0 0 0 0 1 1 0 0 0 1 0 1 1 0 1 1 0
 1 0 0 0 0 0 1 0 0 0 1 1 0 1 1 0 0 1 0 0 0 0 0 1 1 0 1 0 0 1 1 0 1 0 0 0 1 1 1 0 1 1 0 0 0 1 0 0 0 1 1 0 1 0 0 1 1 1 1 0 1 0 1 0 0 1 0 1 1 1 0 1 1 0 0 0 0 1 1 0 0 1 0 0 0 0 1 1 0 0 1 1 1 1 0 1 1 1 0 0
 0 1 0 0 0 1 1 0 0 0 0 1 0 0 0 0 0 1 1 0 1 0 0 1 0 0 0 0 0 0 0 0 0 0 0 0 0 0 0 1 0 1 0 0 0 0 0 0 0 0 1 1 1 1 1 0 0 0 0 0 1 0 1 1 1 1 0 1 0 1 1 0 1 0 0 0 0 0 0 0 0 0 0 1 0 1 0 1 0 1 0 1 1 0 0 0 0 0 0 0
 0 1 0 1 0 0 1 1 0 0 0 0 1 0 0 1 1 1 0 0 0 0 0 0 1 0 1 0 1 0 0 1 1 0 0 1 0 0 0 0 0 0 1 0 1 0 0 0 0 0 1 1 0 1 0 0 0 1 0 0 1 1 1 0 0 1 1 0 0 1 1 0 0 0 0 1 1 1 1 1 1 0 0 1 0 0 0 1 1 0 0 1 0 1 0 0 0 0 0 1
 0 1 1 0 0 0 1 1 0 0 1 1 0 0 1 0 0 0 1 1 0 0 0 0 0 0 1 0 1 0 1 1 0 0 0 1 1 0 1 1 0 1 0 0 0 1 1 0 0 0 1 1 1 0 0 0 0 0 1 1 1 1 1 1 0 0 1 0 1 1 1 1 0 0 0 0 0 1 1 0 0 0 0 0 0 0 1 1 1 1 1 0 1 1 0 0 0 1 1 1
 0 0 1 1 1 0 0 1 0 1 1 1 0 0 1 1 0 1 0 0 0 0 0 0 0 0 1 0 0 1 1 0 1 1 1 1 0 0 0 0 1 0 0 0 1 0 1 1 1 1 0 0 1 0 0 1 0 0 0 0 0 1 0 1 0 1 1 0 1 0 0 0 0 0 0 0 0 0 0 0 0 1 0 0 1 1 1 1 0 0 0 0 0 1 0 0 1 1 0 0
 1 0 1 1 0 1 0 0 1 0 1 1 1 0 0 1 1 1 0 0 1 1 1 0 0 1 1 1 1 1 0 0 1 0 0 0 0 1 0 0 0 1 0 0 1 0 0 1 1 1 0 0 1 0 0 0 0 1 0 0 0 0 0 0 0 0 0 1 1 1 1 0 0 0 0 1 1 0 1 0 0 0 0 0 0 1 0 0 0 1 1 0 1 0 0 0 1 1 0 0
 0 0 0 0 1 1 0 1 0 0 0 0 0 1 0 0 0 1 0 0 0 0 1 0 0 0 0 0 1 1 1 1 0 0 1 1 0 0 0 0 0 0 0 1 0 1 1 1 0 1 1 1 0 0 0 1 1 1 0 0 1 0 1 1 0 1 1 1 1 0 0 0 0 1 1 1 1 0 0 0 1 1 0 0 0 0 0 1 0 1 1 0 0 0 0 0 0 0 1 1
 0 0 0 1 0 0 0 1 0 1 1 0 0 1 1 0 0 0 0 0 0 0 0 0 1 0 0 1 0 1 1 1 1 1 0 1 0 0 1 0 0 1 1 1 0 1 0 1 1 0 0 0 0 0 0 1 0 1 1 1 0 0 0 1 1 0 0 0 0 1 0 1 1 0 1 1 0 0 1 0 1 0 0 0 1 0 1 0 0 0 0 0 0 0 1 0 0 0 0 0
 1 0 0 0 0 0 0 0 0 0 0 1 1 1 1 1 0 0 0 0 0 0 0 1 0 0 1 1 1 0 0 0 0 0 1 1 0 0 1 0 0 0 1 1 1 1 0 1 0 0 0 0 0 0 0 0 1 1 0 1 0 1 1 0 1 0 1 1 1 0 0 1 0 0 0 1 0 0 0 1 0 0 1 0 1 0 0 0 0 1 0 0 0 0 0 0 1 0 1 0
 0 0 0 1 1 0 0 1 0 0 0 0 0 0 0 0 1 0 1 1 0 0 1 0 0 1 1 0 0 1 0 0 0 1 0 0 1 0 0 0 1 1 0 1 1 0 1 0 0 0 1 0 1 1 0 0 1 0 1 1 0 0 0 1 1 0 0 1 1 1 1 0 0 0 1 0 1 1 0 1 0 1 0 0 0 0 1 0 1 0 0 0 0 1 0 0 1 0 0 1
 0 0 1 0 0 1 0 1 0 0 1 1 0 0 1 1 1 0 1 1 0 1 0 0 0 1 1 1 1 0 0 1 0 0 0 0 0 0 0 1 0 1 0 1 0 0 1 0 0 0 0 0 1 0 1 1 0 0 0 1 0 0 0 0 0 1 0 0 1 0 1 0 0 1 0 1 1 1 0 0 0 1 0 0 1 0 0 0 0 1 0 0 1 0 0 0 1 0 1 0
 0 1 0 0 1 0 0 0 0 1 1 1 1 0 0 1 1 0 0 0 0 0 1 0 1 0 1 0 1 1 1 0 0 1 1 0 0 0 0 0 0 1 1 0 0 1 1 0 1 0 0 1 1 1 1 0 0 0 0 0 1 1 0 1 1 0 0 1 0 0 0 1 0 0 0 1 1 0 0 0 0 0 1 0 0 0 0 0 0 1 0 1 0 0 0 1 1 1 1 0
 1 0 1 0 0 0 0 0 1 0 0 0 1 1 0 0 0 1 0 0 0 0 0 0 0 0 0 0 1 0 1 0 0 1 1 1 1 0 0 0 1 1 1 0 0 0 1 0 0 1 0 0 0 1 0 1 0 0 0 0 0 0 0 0 0 0 0 1 0 0 0 0 0 1 0 0 0 1 0 1 1 1 0 1 1 1 1 1 0 1 1 0 1 0 0 0 0 0 1 1
 0 0 0 0 1 0 0 1 0 0 1 0 1 0 0 1 0 0 1 0 0 1 0 0 1 0 1 0 0 0 1 0 1 0 0 0 0 1 1 0 0 1 0 0 0 1 0 0 0 1 0 0 0 1 1 1 1 0 0 0 0 1 1 0 0 1 0 0 0 1 1 0 1 0 1 0 0 0 0 0 0 1 0 0 0 0 1 0 1 1 0 0 0 1 1 1 0 1 0 1
 1 0 1 1 1 1 1 1 1 1 0 1 0 0 0 0 0 0 0 0 0 1 1 0 0 0 0 0 0 1 0 0 0 1 0 0 1 0 1 0 0 0 0 1 0 1 1 1 1 1 0 0 1 0 0 0 0 1 0 0 0 0 1 0 0 1 0 0 0 0 1 0 1 1 1 0 0 0 0 0 1 0 1 0 1 1 0 1 0 0 1 0 1 0 1 0 1 0 1 1
 0 1 0 0 0 0 1 0 0 1 0 0 0 1 0 0 1 0 0 0 1 0 0 1 1 1 0 0 1 1 1 0 0 1 0 0 0 1 0 0 0 1 1 0 0 0 0 0 1 1 1 0 0 0 1 0 0 1 0 1 0 0 0 0 1 1 0 1 1 0 1 0 1 0 0 0 0 0 1 0 0 0 0 1 0 0 1 1 0 1 1 1 1 1 1 1 1 1 0 1
 0 1 1 0 1 0 1 0 1 0 1 0 0 1 0 0 1 1 1 0 0 1 1 0 0 0 0 0 0 0 0 0 1 1 0 1 0 1 1 1 1 0 0 0 0 1 1 1 1 1 0 0 1 0 1 0 0 0 0 1 1 0 0 0 0 1 0 0 0 1 0 0 0 0 0 0 0 0 0 0 0 0 0 0 0 0 0 1 0 1 1 0 0 1 0 0 1 0 0 0
 0 1 0 1 0 0 0 0 1 1 0 0 0 0 1 1 1 1 1 0 0 0 0 0 1 1 1 0 1 0 0 1 0 0 1 0 0 1 0 0 1 0 0 0 1 0 0 1 0 1 1 0 1 1 0 1 0 1 0 0 0 0 0 0 0 0 1 1 0 0 1 1 1 0 1 0 0 0 1 0 0 0 0 1 0 1 0 0 0 0 0 0 1 1 0 1 1 1 1 1
 1 0 0 0 0 1 0 0 1 1 0 0 0 0 1 0 0 0 1 0 0 1 0 1 1 0 0 0 1 1 1 1 1 0 0 0 0 0 1 1 0 1 0 1 0 0 0 1 0 0 0 0 0 1 1 1 0 1 0 0 0 1 0 0 0 1 1 1 0 0 0 0 1 1 1 0 0 1 0 1 0 1 0 0 0 0 0 0 1 0 0 0 0 0 0 1 0 1 1 0
 0 0 1 0 0 1 1 0 0 0 1 0 0 0 0 0 0 0 0 0 0 1 1 1 0 0 0 1 1 1 0 0 0 0 0 1 0 1 0 1 0 0 1 0 1 0 1 1 1 0 1 0 1 0 0 0 1 0 0 1 1 1 1 0 1 0 1 0 1 0 0 1 1 0 0 0 1 0 1 0 0 1 0 1 0 0 1 0 0 0 0 1 1 1 0 0 0 1 1 0
 0 1 1 1 1 0 1 1 0 1 1 0 0 1 0 1 1 0 0 0 0 1 0 0 0 1 1 0 0 0 1 0 0 0 0 0 0 1 1 0 1 1 0 1 0 0 0 0 1 1 1 0 1 0 1 0 0 0 0 0 0 0 0 1 1 1 0 0 1 0 0 0 1 1 0 0 0 0 0 0 1 0 0 0 0 1 1 0 0 1 1 0 0 0 0 0 0 1 0 0
 0 0 1 0 0 0 1 0 1 1 0 1 1 1 0 0 0 1 0 0 1 0 0 1 0 0 1 1 0 1 0 1 0 0 1 1 0 0 0 0 1 0 1 0 0 0 1 1 0 0 0 1 1 0 1 1 0 1 1 0 0 1 0 1 1 0 0 0 0 1 1 0 1 1 0 0 1 0 0 1 1 0 0 1 0 0 1 1 1 0 0 0 1 0 1 0 0 1 0 0
 0 0 1 1 0 0 0 1 1 0 1 0 0 1 1 0 0 0 1 0 0 0 0 0 0 1 0 0 0 1 0 1 0 0 0 1 0 1 0 0 0 0 1 0 0 1 1 0 0 1 1 1 1 0 1 1 1 0 0 0 0 1 0 0 0 1 1 0 0 0 0 1 0 0 0 1 1 1 1 0 1 0 0 1 0 1 1 0 1 0 1 0 0 0 0 1 0 0 0 0
 1 1 0 1 1 0 0 1 0 1 1 0 1 0 0 0 1 1 0 0 0 0 0 0 0 0 0 0 0 0 0 1 0 1 0 0 1 0 1 1 0 1 0 0 0 0 1 1 1 1 0 1 0 1 0 1 0 0 0 1 0 0 1 0 0 0 0 1 0 0 0 0 1 0 0 0 1 0 1 0 1 1 0 0 1 0 1 0 1 0 1 1 1 0 0 0 0 1 0 0
 0 0 1 1 0 0 1 0 1 0 0 1 1 1 0 1 0 0 0 1 0 0 0 0 1 0 0 0 0 0 1 1 0 0 0 1 0 1 1 0 1 0 0 0 1 1 0 1 1 1 0 1 0 0 0 1 1 0 0 1 1 1 0 1 0 0 0 1 0 0 0 0 0 1 0 1 1 0 0 1 1 0 0 1 1 0 1 0 0 0 1 0 1 1 1 1 0 1 1 0
 1 0 1 0 0 1 0 1 1 1 1 1 1 0 1 0 0 0 0 0 1 0 0 0 0 0 0 1 0 1 0 0 0 0 1 0 1 1 0 0 0 1 0 0 0 0 1 0 0 1 0 0 0 1 1 0 0 1 0 0 0 0 0 1 0 1 0 0 1 0 0 0 1 1 1 0 0 0 0 1 1 1 1 0 0 1 0 0 1 0 1 1 0 0 1 0 1 1 1 0
 1 1 0 0 0 1 0 1 1 0 0 1 1 0 0 1 1 0 0 1 1 1 0 0 1 0 1 0 0 1 1 0 1 1 1 0 0 0 0 0 1 0 0 1 0 0 1 1 0 0 0 0 0 1 0 0 0 0 0 1 1 1 0 1 1 1 1 1 0 1 0 1 0 0 1 1 1 1 1 1 1 1 0 0 0 0 1 0 0 0 0 1 0 0 0 1 1 0 0 1
 0 0 0 0 1 1 0 0 0 0 1 0 0 0 1 0 0 0 0 0 1 0 0 0 1 1 1 0 0 1 0 0 0 0 0 1 1 0 1 0 1 0 0 1 0 0 0 0 0 0 0 0 1 0 0 0 1 0 1 0 1 0 0 0 1 0 1 1 0 0 1 1 0 0 1 0 1 0 0 0 1 0 0 1 1 1 0 1 0 0 0 1 1 0 0 1 0 0 1 0
 0 1 0 0 0 1 1 0 1 0 1 0 0 0 0 0 0 0 0 1 0 1 0 0 1 1 1 0 1 0 0 0 1 1 1 1 1 0 0 1 0 0 0 0 0 0 0 0 0 0 0 0 1 1 0 1 0 0 0 1 1 0 0 1 1 0 0 0 0 0 0 1 1 1 0 0 1 0 1 1 1 1 0 1 1 0 0 0 1 0 0 0 0 0 0 1 0 0 1 1
 1 1 0 1 0 1 0 0 0 1 1 0 0 1 0 0 0 0 1 0 0 0 0 1 0 0 0 1 1 1 0 0 0 0 0 0 1 1 1 1 0 1 1 1 1 0 0 0 1 0 0 1 1 1 1 0 1 1 0 0 0 0 0 0 0 0 0 0 1 0 1 0 1 0 0 0 1 0 0 1 0 0 0 0 1 1 1 1 1 1 1 1 0 0 0 0 0 1 1 0
 0 0 0 0 0 1 0 1 0 0 1 1 1 1 0 1 0 0 0 0 0 1 1 0 0 1 1 1 0 0 1 1 0 1 0 1 0 0 0 1 0 0 0 0 1 1 0 0 1 0 0 1 1 0 0 1 1 1 0 0 0 0 0 0 0 1 0 1 1 1 1 0 1 1 1 1 0 1 0 0 0 0 1 1 1 1 0 1 1 0 1 1 1 1 0 1 1 0 0 1
 0 0 0 0 1 0 0 1 1 1 1 0 0 1 1 1 0 0 0 0 1 1 0 0 0 1 1 1 1 1 1 1 0 1 1 0 1 0 1 1 0 1 0 1 0 0 1 0 1 1 0 0 0 0 0 1 1 0 1 0 0 0 0 0 1 0 0 0 1 0 0 0 1 0 0 0 1 0 0 1 1 1 0 0 1 1 0 0 1 0 1 1 0 0 0 0 0 1 0 0
 0 1 0 1 1 0 1 0 0 0 0 1 0 1 1 1 0 0 1 0 0 1 0 0 1 0 0 1 0 0 0 1 1 1 1 1 1 0 1 0 0 1 0 0 0 0 1 0 1 1 0 1 0 1 0 0 0 0 0 0 0 1 0 1 0 1 0 0 1 1 0 0 1 0 1 0 0 0 0 0 0 0 0 0 0 0 1 0 0 0 0 1 1 1 0 0 0 1 0 0
 0 0 0 0 1 0 0 0 0 1 0 1 0 1 1 0 1 0 1 0 0 1 1 0 1 1 0 1 0 0 0 0 1 1 1 1 1 0 1 1 1 0 1 0 0 1 0 0 1 0 0 0 0 0 1 1 0 0 1 0 0 0 0 0 1 0 0 1 0 0 1 1 1 0 1 1 0 1 0 0 1 1 1 1 1 0 0 1 0 1 1 0 0 0 0 1 1 0 1 0
 1 0 0 0 1 0 0 1 0 0 1 0 1 0 1 0 0 0 0 0 1 0 1 1 0 1 0 0 1 0 0 0 1 1 1 0 0 1 1 1 0 0 0 0 0 0 0 0 1 0 0 0 1 1 0 0 0 0 1 0 1 0 0 0 0 0 1 1 1 1 1 1 1 1 1 0 0 1 0 1 0 0 1 0 1 1 1 0 1 0 1 0 0 0 0 0 0 0 1 0
 0 0 1 0 0 0 1 1 0 0 0 0 0 0 0 0 1 1 0 0 1 0 1 0 0 0 0 0 1 0 0 0 1 0 0 1 0 0 0 1 1 1 1 1 0 0 1 0 0 0 1 0 1 0 0 1 1 0 1 1 0 0 0 0 1 1 0 0 0 1 0 1 1 0 1 0 0 1 0 1 0 0 0 0 1 0 0 1 0 0 0 0 0 0 0 1 0 0 1 0
 0 1 0 0 1 0 0 0 1 1 0 0 0 0 1 0 1 0 0 1 1 0 1 1 0 1 0 0 1 1 1 1 1 0 0 0 0 0 1 1 0 1 1 0 1 0 0 0 0 0 0 0 0 0 1 0 0 1 0 0 1 0 0 0 0 0 0 0 0 0 0 1 0 0 0 0 1 0 0 1 1 0 0 1 0 0 0 1 0 0 1 1 1 0 1 1 0 0 1 0
 0 0 1 0 1 1 0 1 1 0 0 0 0 0 1 1 0 1 0 0 0 1 1 0 1 1 0 0 1 0 0 0 1 0 0 1 1 0 1 0 1 0 0 0 0 0 0 1 1 0 0 0 0 0 0 0 0 0 1 0 0 1 0 1 0 1 0 1 1 0 1 0 0 1 1 0 1 0 0 1 0 0 1 0 0 0 1 0 1 0 1 1 1 0 1 1 0 1 0 0
 0 0 0 1 1 1 0 1 0 0 0 1 0 0 0 1 1 0 1 0 1 0 0 1 1 0 0 1 1 0 1 0 1 0 0 0 0 1 1 0 0 0 0 0 0 0 0 0 0 0 1 0 0 1 1 0 1 0 1 0 1 0 0 0 0 0 0 0 0 1 1 0 0 1 1 1 1 1 0 1 1 1 0 0 0 0 0 0 0 0 1 1 0 0 0 1 1 0 1 1
 1 0 0 0 1 1 0 1 0 1 1 1 0 1 0 1 0 0 0 1 1 0 0 1 0 1 0 1 1 0 0 1 0 1 0 0 1 1 1 1 0 1 1 0 1 0 0 1 0 0 1 1 0 0 0 0 0 0 1 0 1 0 0 1 0 0 1 0 1 0 0 1 0 1 0 1 1 1 0 0 1 0 0 0 0 0 1 0 0 1 0 0 1 0 0 0 1 0 0 1
 1 1 1 1 0 0 1 1 1 1 1 0 0 1 0 0 0 0 1 0 1 0 1 0 0 1 1 0 0 1 1 1 0 0 0 0 0 1 1 0 1 0 1 0 1 0 1 0 0 1 1 0 0 1 0 1 0 0 1 1 0 1 0 0 0 1 1 1 1 1 1 0 1 0 0 1 0 0 1 0 1 0 0 1 0 1 0 1 0 1 1 0 0 0 0 0 0 1 1 0
 0 0 0 0 1 0 0 1 0 0 0 0 1 0 1 0 0 0 0 1 1 1 0 0 0 1 0 1 1 1 1 0 0 1 0 0 0 0 1 0 1 0 1 0 1 1 1 1 1 1 1 0 1 0 0 0 0 0 1 0 1 1 1 0 0 0 0 1 0 0 0 0 0 1 0 1 1 0 0 1 0 1 1 0 0 0 1 0 0 1 0 0 0 1 0 0 0 0 0 1
 1 0 0 0 1 1 1 1 0 1 0 0 0 1 0 1 1 1 0 0 0 0 0 0 0 0 0 0 0 1 0 0 0 0 1 1 0 0 0 1 0 0 0 1 1 1 0 0 1 1 0 0 0 0 0 1 0 0 0 1 0 0 0 0 1 0 0 1 1 1 0 1 0 0 1 1 1 1 0 0 1 0 0 1 0 0 0 0 0 1 0 1 0 1 0 0 1 0 0 1
 0 1 0 0 0 1 0 1 0 0 0 0 1 0 0 0 0 1 0 0 0 0 0 1 0 0 0 1 1 1 1 1 1 0 0 1 1 1 1 0 0 1 0 0 1 0 0 1 0 1 0 1 1 0 1 0 1 1 1 1 0 1 1 0 0 0 1 0 0 0 0 0 0 0 0 1 0 0 0 1 0 0 0 0 0 1 1 1 1 0 0 0 1 1 0 0 1 0 1 0
 1 1 1 1 1 0 0 0 0 0 0 0 1 1 0 0 1 1 1 1 0 0 0 0 1 1 0 0 0 0 0 0 1 0 1 1 0 0 1 1 0 1 0 0 0 0 1 0 0 1 0 1 1 0 0 0 0 0 1 0 1 1 1 0 0 0 1 0 1 1 1 1 0 0 0 1 1 1 0 1 1 0 1 1 1 0 1 0 0 0 0 0 0 0 1 0 1 1 0 1
 0 0 1 1 1 1 0 0 0 0 0 0 1 0 1 0 1 0 0 0 0 0 0 0 0 0 0 1 0 0 1 1 1 0 1 1 1 0 0 1 0 1 1 1 0 0 1 1 1 0 0 0 0 0 0 0 0 1 0 0 0 1 0 0 0 1 0 0 0 1 0 1 1 1 0 1 1 1 1 0 0 0 1 1 1 0 0 0 1 0 0 0 0 1 1 0 0 1 1 1
 1 1 1 1 0 0 0 1 1 0 0 1 1 1 0 0 0 0 0 0 1 1 0 1 0 0 1 0 0 0 1 0 1 0 1 0 0 0 1 0 1 0 0 0 0 1 1 1 0 1 0 1 0 0 0 0 1 0 1 0 1 1 0 1 0 1 0 1 0 1 1 0 0 1 0 0 1 0 1 0 0 0 1 1 0 1 0 0 0 1 0 0 0 0 1 0 0 0 0 0
 1 0 1 0 0 0 0 0 1 1 1 0 1 0 1 0 0 1 1 1 0 0 1 0 1 1 1 0 1 1 0 0 1 0 0 0 0 0 0 1 1 0 0 1 0 0 1 0 1 1 1 0 0 0 0 1 0 0 0 1 0 1 1 1 0 1 0 0 0 0 1 0 0 0 0 0 1 0 1 0 0 0 0 0 0 0 0 1 1 1 0 1 0 0 0 1 0 1 1 1
 1 0 0 1 1 0 0 1 0 1 0 1 0 0 0 1 1 0 0 0 0 0 0 1 0 0 1 1 1 1 0 0 0 1 1 1 1 0 1 0 0 0 0 1 0 1 0 0 0 0 0 0 0 1 0 0 0 0 0 1 1 1 0 0 0 0 0 1 0 0 1 1 0 0 0 0 0 0 0 0 0 0 1 1 0 0 0 0 0 0 1 1 1 0 0 1 1 0 0 1
 0 0 1 0 0 1 0 0 1 0 0 0 0 0 0 0 0 1 1 0 1 1 0 0 1 0 0 1 1 0 0 0 0 0 1 0 0 1 0 0 0 0 0 0 0 1 1 0 0 0 0 0 0 0 0 0 0 1 0 1 0 1 0 1 1 0 0 0 1 0 1 0 1 1 1 0 1 0 0 1 0 1 1 1 1 0 0 0 0 0 0 0 0 1 1 0 0 1 0 0
 0 0 0 0 1 0 0 1 0 0 0 0 0 0 1 0 1 1 0 0 1 1 0 0 0 0 1 0 0 0 0 0 0 1 1 1 0 0 1 1 0 0 0 1 1 0 1 0 0 0 1 1 0 0 1 1 1 1 0 0 1 1 1 1 0 0 0 0 0 0 0 1 1 0 0 0 1 0 0 1 0 0 0 0 1 1 0 0 1 1 1 0 0 0 1 0 0 1 1 0
 0 0 0 1 1 0 0 1 0 0 0 1 0 0 0 1 1 0 0 0 1 0 0 1 1 0 1 1 0 0 1 0 1 0 0 1 0 1 1 1 0 1 0 0 1 1 1 0 0 1 1 1 0 0 0 0 0 1 0 1 0 1 0 1 1 1 1 1 0 1 1 1 0 0 0 1 0 1 1 0 0 0 0 1 0 0 1 0 0 0 1 1 0 1 0 1 1 0 1 1
 0 0 0 0 1 0 0 0 0 0 1 0 1 0 0 0 1 0 0 1 1 1 1 1 0 0 0 1 0 1 0 1 0 1 1 0 1 0 0 0 1 1 0 1 1 1 0 0 0 1 0 0 1 0 1 0 1 1 1 0 1 0 0 1 1 1 0 0 0 0 1 1 0 1 1 1 0 0 0 1 1 1 1 0 1 0 1 0 0 1 0 1 0 1 0 0 1 1 0 1
 0 0 1 1 0 1 1 0 0 1 1 1 1 0 1 1 0 0 1 0 0 1 1 0 0 0 1 1 0 1 1 0 1 1 1 1 0 0 1 1 0 1 1 0 1 0 0 0 1 1 0 0 1 0 0 1 0 0 1 1 1 1 0 1 0 0 0 0 0 0 0 0 1 0 1 0 1 0 0 0 0 0 0 0 1 1 0 1 1 0 1 1 0 1 1 0 0 1 1 0
