25
   83   37   34   53   22   64  103  116  104   38   68   34   40   63   88   96   21   98  116   83  102   85  113   78   76
 0 0 0 1 0 0 0 1 0 1 0 1 1 1 0 1 0 0 0 1 1 0 0 0 0
 0 0 1 0 1 1 0 0 1 1 1 0 1 0 1 0 1 0 1 1 1 0 1 0 1
 0 1 0 1 1 0 1 1 1 1 1 0 1 1 0 0 1 1 0 1 0 0 0 1 1
 1 0 1 0 1 1 0 0 0 1 0 0 1 1 0 0 1 1 0 0 0 0 1 1 1
 0 1 1 1 0 0 1 1 0 1 1 1 0 0 1 1 1 0 1 1 1 1 0 1 0
 0 1 0 1 0 0 0 1 0 0 0 1 0 1 0 1 0 0 1 0 0 0 1 1 1
 0 0 1 0 1 0 0 0 1 0 0 0 1 1 0 0 1 0 0 0 1 1 1 1 1
 1 0 1 0 1 1 0 0 1 1 1 0 0 1 0 1 0 0 1 0 1 1 0 0 1
 0 1 1 0 0 0 1 1 0 0 1 0 1 0 0 0 1 0 0 0 0 0 1 0 0
 1 1 1 1 1 0 0 1 0 0 1 0 1 1 1 0 1 0 1 1 1 0 0 0 0
 0 1 1 0 1 0 0 1 1 1 0 0 1 0 1 1 1 1 1 0 0 0 0 1 0
 1 0 0 0 1 1 0 0 0 0 0 0 1 0 0 0 1 0 1 0 1 1 0 1 0
 1 1 1 1 0 0 1 0 1 1 1 1 0 0 1 0 1 1 0 0 1 1 1 1 0
 1 0 1 1 0 1 1 1 0 1 0 0 0 0 0 1 1 0 1 0 0 1 0 0 0
 0 1 0 0 1 0 0 0 0 1 1 0 1 0 0 0 0 0 0 1 1 1 0 0 1
 1 0 0 0 1 1 0 1 0 0 1 0 0 1 0 0 1 0 1 0 1 0 1 1 0
 0 1 1 1 1 0 1 0 1 1 1 1 1 1 0 1 0 1 1 1 0 0 0 1 1
 0 0 1 1 0 0 0 0 0 0 1 0 1 0 0 0 1 0 0 1 0 0 0 0 0
 0 1 0 0 1 1 0 1 0 1 1 1 0 1 0 1 1 0 0 1 0 0 0 0 1
 1 1 1 0 1 0 0 0 0 1 0 0 0 0 1 0 1 1 1 0 0 1 1 0 1
 1 1 0 0 1 0 1 1 0 1 0 1 1 0 1 1 0 0 0 0 0 1 1 1 1
 0 0 0 0 1 0 1 1 0 0 0 1 1 1 1 0 0 0 0 1 1 0 0 0 1
 0 1 0 1 0 1 1 0 1 0 0 0 1 0 0 1 0 0 0 1 1 0 0 1 1
 0 0 1 1 1 1 1 0 0 0 1 1 1 0 0 1 1 0 0 0 1 0 1 0 1
 0 1 1 1 0 1 1 1 0 0 0 0 0 0 1 0 1 0 1 1 1 1 1 1 0
