25
   97   38  108  111   75   76   41   91   70   54   93  113   88  117   91   20   81   36   72   78  103   81  115   23   51
 0 0 0 1 0 0 1 0 1 0 0 0 1 0 0 0 1 0 1 1 0 1 0 1 1
 0 0 1 1 0 1 0 1 1 1 0 0 0 1 1 0 1 0 0 1 1 1 1 0 0
 0 1 0 0 0 1 0 0 0 1 0 0 1 1 0 1 0 1 1 0 1 1 0 0 1
 1 1 0 0 1 0 1 1 1 1 0 0 1 1 0 0 1 1 1 0 1 1 1 1 1
 0 0 0 1 0 0 0 0 0 1 1 1 0 0 1 1 0 0 1 0 0 0 0 0 0
 0 1 1 0 0 0 0 0 1 1 0 0 1 0 1 1 0 0 0 0 0 0 1 0 1
 1 0 0 1 0 0 0 1 1 1 0 0 1 0 1 0 0 1 0 0 0 1 0 0 0
 0 1 0 1 0 0 1 0 0 1 0 1 1 0 0 1 0 1 1 0 0 0 1 1 0
 1 1 0 1 0 1 1 0 0 0 1 1 1 0 1 1 1 0 1 0 1 0 1 1 1
 0 1 1 1 1 1 1 1 0 0 0 1 0 0 1 0 1 1 1 1 1 0 1 1 0
 0 0 0 0 1 0 0 0 1 0 0 0 1 0 1 1 0 1 0 1 0 1 1 1 0
 0 0 0 0 1 0 0 1 1 1 0 0 0 1 0 0 1 1 0 0 0 1 1 0 1
 1 0 1 1 0 1 1 1 1 0 1 0 0 1 1 1 0 0 1 1 1 0 0 0 1
 0 1 1 1 0 0 0 0 0 0 0 1 1 0 1 0 0 0 0 1 1 0 0 1 0
 0 1 0 0 1 1 1 0 1 1 1 0 1 1 0 1 0 1 1 1 1 1 1 1 1
 0 0 1 0 1 1 0 1 1 0 1 0 1 0 1 0 0 0 1 0 1 1 1 0 0
 1 1 0 1 0 0 0 0 1 1 0 1 0 0 0 0 0 1 0 1 1 1 0 0 0
 0 0 1 1 0 0 1 1 0 1 1 1 0 0 1 0 1 0 0 1 1 1 0 1 1
 1 0 1 1 1 0 0 1 1 1 0 0 1 0 1 1 0 0 0 0 0 1 0 1 0
 1 1 0 0 0 0 0 0 0 1 1 0 1 1 1 0 1 1 0 0 1 1 0 0 0
 0 1 1 1 0 0 0 0 1 1 0 0 1 1 1 1 1 1 0 1 0 1 1 0 0
 1 1 1 1 0 0 1 0 0 0 1 1 0 0 1 1 1 1 1 1 1 0 0 0 0
 0 1 0 1 0 1 0 1 1 1 1 1 0 0 1 1 0 0 0 0 1 0 0 0 1
 1 0 0 1 0 0 0 1 1 1 1 0 0 1 1 0 0 1 1 0 0 0 0 0 0
 1 0 1 1 0 1 0 0 1 0 0 1 1 0 1 0 0 1 0 0 0 0 1 0 0
