25
   28   23   57   65  120  100  110   25   70   84  100  115   48   39   60   48   47   27   25   84   73   67   76   47  113
 0 1 0 1 1 0 1 0 0 1 0 0 0 1 0 0 1 1 1 1 1 0 1 0 0
 1 0 0 0 0 0 1 1 0 0 1 0 1 1 0 1 0 1 1 1 0 1 1 1 0
 0 0 0 0 0 1 1 1 0 0 1 1 0 1 1 1 1 0 0 1 0 0 0 0 1
 1 0 0 0 0 1 1 0 1 1 0 1 0 1 0 0 0 0 0 0 1 1 0 0 0
 1 0 0 0 0 1 1 1 1 1 0 0 1 0 1 1 1 1 1 1 0 0 1 1 1
 0 0 1 1 1 0 1 0 0 1 1 0 1 1 0 1 1 0 0 0 1 1 1 0 1
 1 1 1 1 1 1 0 0 0 0 0 1 1 0 0 1 1 1 1 0 1 1 1 1 0
 0 1 1 0 1 0 0 0 0 1 0 0 1 0 1 0 1 0 0 0 1 0 0 0 1
 0 0 0 1 1 0 0 0 0 0 1 0 0 0 0 0 0 0 0 1 1 1 1 0 1
 1 0 0 1 1 1 0 1 0 0 1 0 1 0 1 1 0 1 1 1 1 1 0 0 1
 0 1 1 0 0 1 0 0 1 1 0 0 1 1 1 0 1 1 1 1 1 0 1 1 0
 0 0 1 1 0 0 1 0 0 0 0 0 1 1 1 0 1 1 0 0 0 0 0 0 1
 0 1 0 0 1 1 1 1 0 1 1 1 0 0 1 1 1 0 1 1 1 0 0 1 0
 1 1 1 1 0 1 0 0 0 0 1 1 0 0 1 1 1 0 0 1 0 0 0 0 1
 0 0 1 0 1 0 0 1 0 1 1 1 1 1 0 1 0 0 0 0 0 0 0 0 0
 0 1 1 0 1 1 1 0 0 1 0 0 1 1 1 0 0 1 1 1 0 1 1 0 0
 1 0 1 0 1 1 1 1 0 0 1 1 1 1 0 0 0 0 0 1 1 1 0 0 1
 1 1 0 0 1 0 1 0 0 1 1 1 0 0 0 1 0 0 0 0 0 0 0 0 0
 1 1 0 0 1 0 1 0 0 1 1 0 1 0 0 1 0 0 0 0 1 1 0 1 0
 1 1 1 0 1 0 0 0 1 1 1 0 1 1 0 1 1 0 0 0 0 0 1 0 0
 1 0 0 1 0 1 1 1 1 1 1 0 1 0 0 0 1 0 1 0 0 1 1 1 1
 0 1 0 1 0 1 1 0 1 1 0 0 0 0 0 1 1 0 1 0 1 0 1 0 1
 1 1 0 0 1 1 1 0 1 0 1 0 0 0 0 1 0 0 0 1 1 1 0 0 1
 0 1 0 0 1 0 1 0 0 0 1 0 1 0 0 0 0 0 1 0 1 0 0 0 0
 0 0 1 0 1 1 0 1 1 1 0 1 0 1 0 0 1 0 0 0 1 1 1 0 0
