25
   88   97  111   83   27   81   89   92   76   98   95   63   60   99   50   81  113   90   64   30   33   36   68   33   28
 0 1 1 1 1 1 1 0 1 0 0 0 1 1 0 1 0 0 0 0 0 1 1 0 0
 1 0 0 0 0 1 0 0 0 1 0 0 0 1 1 1 1 1 0 0 1 1 0 0 1
 1 0 0 1 1 0 1 0 0 0 1 1 1 0 1 0 0 1 0 0 1 0 1 0 1
 1 0 1 0 0 0 1 0 0 1 0 1 1 0 1 0 0 1 1 1 1 1 1 1 0
 1 0 1 0 0 1 1 1 1 0 1 0 1 1 1 1 0 0 0 1 0 0 0 1 0
 1 1 0 0 1 0 1 0 0 1 1 0 1 1 1 0 1 0 1 1 0 1 0 1 1
 1 0 1 1 1 1 0 1 1 1 0 1 0 0 1 1 1 0 0 1 1 0 0 0 0
 0 0 0 0 1 0 1 0 0 1 0 1 0 0 1 1 0 1 1 1 0 1 1 1 1
 1 0 0 0 1 0 1 0 0 0 1 0 1 1 0 1 1 1 0 0 0 0 0 0 0
 0 1 0 1 0 1 1 1 0 0 1 1 0 0 0 1 0 0 1 1 0 0 1 1 0
 0 0 1 0 1 1 0 0 1 1 0 0 0 1 0 0 1 0 0 0 1 0 0 0 0
 0 0 1 1 0 0 1 1 0 1 0 0 0 0 0 0 0 1 1 0 1 0 1 1 0
 1 0 1 1 1 1 0 0 1 0 0 0 0 1 0 1 0 1 0 0 1 1 0 0 1
 1 1 0 0 1 1 0 0 1 0 1 0 1 0 1 1 1 1 0 1 0 0 1 1 0
 0 1 1 1 1 1 1 1 0 0 0 0 0 1 0 0 0 1 0 1 0 0 1 1 1
 1 1 0 0 1 0 1 1 1 1 0 0 1 1 0 0 1 1 0 0 1 1 0 0 0
 0 1 0 0 0 1 1 0 1 0 1 0 0 1 0 1 0 1 0 1 0 1 1 0 0
 0 1 1 1 0 0 0 1 1 0 0 1 1 1 1 1 1 0 0 0 1 1 1 1 1
 0 0 0 1 0 1 0 1 0 1 0 1 0 0 0 0 0 0 0 1 1 1 0 1 1
 0 0 0 1 1 1 1 1 0 1 0 0 0 1 1 0 1 0 1 0 0 0 0 1 1
 0 1 1 1 0 0 1 0 0 0 1 1 1 0 0 1 0 1 1 0 0 0 0 0 0
 1 1 0 1 0 1 0 1 0 0 0 0 1 0 0 1 1 1 1 0 0 0 0 1 0
 1 0 1 1 0 0 0 1 0 1 0 1 0 1 1 0 1 1 0 0 0 0 0 0 1
 0 0 0 1 1 1 0 1 0 1 0 1 0 1 1 0 0 1 1 1 0 1 0 0 1
 0 1 1 0 0 1 0 1 0 0 0 0 1 0 1 0 0 1 1 1 0 0 1 1 0
