20
   96  115   29   28   72   55   98  120  103   81   45   46   65   46   92   37   73   30   38   44
 0 1 0 1 0 0 0 0 0 0 0 1 1 1 0 0 1 0 1 0
 1 0 0 1 0 0 0 0 0 0 1 0 0 0 0 0 1 1 0 1
 0 0 0 0 0 0 0 0 0 1 1 0 0 0 0 1 0 0 0 1
 1 1 0 0 0 0 0 1 0 0 0 0 0 0 1 0 0 0 1 1
 0 0 0 0 0 0 0 0 0 1 0 0 0 0 0 1 0 0 1 1
 0 0 0 0 0 0 1 0 0 1 1 1 0 0 1 1 1 0 1 1
 0 0 0 0 0 1 0 0 0 0 1 0 1 0 0 1 0 0 0 0
 0 0 0 1 0 0 0 0 0 0 0 0 0 1 1 0 0 0 1 0
 0 0 0 0 0 0 0 0 0 0 1 0 0 1 1 0 0 1 0 0
 0 0 1 0 1 1 0 0 0 0 0 0 1 1 0 0 0 0 0 1
 0 1 1 0 0 1 1 0 1 0 0 1 0 0 0 0 1 0 0 1
 1 0 0 0 0 1 0 0 0 0 1 0 1 1 1 0 1 0 0 0
 1 0 0 0 0 0 1 0 0 1 0 1 0 0 0 1 1 0 0 0
 1 0 0 0 0 0 0 1 1 1 0 1 0 0 1 0 1 0 1 0
 0 0 0 1 0 1 0 1 1 0 0 1 0 1 0 0 0 1 0 0
 0 0 1 0 1 1 1 0 0 0 0 0 1 0 0 0 0 0 0 0
 1 1 0 0 0 1 0 0 0 0 1 1 1 1 0 0 0 0 0 0
 0 1 0 0 0 0 0 0 1 0 0 0 0 0 1 0 0 0 0 0
 1 0 0 1 1 1 0 1 0 0 0 0 0 1 0 0 0 0 0 1
 0 1 1 1 1 1 0 0 0 1 1 0 0 0 0 0 0 0 1 0
