20
   26   97   96   83  102  120   61   44  108   97   96   50  118   38   83   49   20   31   29   68
 0 0 1 0 1 1 1 1 1 1 1 1 1 0 0 1 1 0 1 1
 0 0 1 1 0 1 1 0 1 1 1 1 1 0 1 0 1 1 1 1
 1 1 0 0 1 0 1 0 1 0 0 1 0 1 1 1 0 0 1 1
 0 1 0 0 1 1 1 1 0 1 1 1 1 1 1 1 0 1 0 0
 1 0 1 1 0 0 1 1 0 1 1 1 1 1 0 0 1 1 0 0
 1 1 0 1 0 0 0 1 0 1 1 1 1 1 0 0 0 1 1 1
 1 1 1 1 1 0 0 0 0 1 1 0 1 0 1 1 1 1 1 1
 1 0 0 1 1 1 0 0 0 0 1 0 0 0 0 0 0 0 1 1
 1 1 1 0 0 0 0 0 0 1 0 1 1 1 1 1 1 1 1 0
 1 1 0 1 1 1 1 0 1 0 0 1 0 1 1 1 1 1 1 1
 1 1 0 1 1 1 1 1 0 0 0 1 0 1 0 1 1 1 1 0
 1 1 1 1 1 1 0 0 1 1 1 0 0 0 0 0 1 1 0 1
 1 1 0 1 1 1 1 0 1 0 0 0 0 1 0 1 1 1 0 1
 0 0 1 1 1 1 0 0 1 1 1 0 1 0 1 0 0 1 0 1
 0 1 1 1 0 0 1 0 1 1 0 0 0 1 0 0 0 1 1 0
 1 0 1 1 0 0 1 0 1 1 1 0 1 0 0 0 1 0 0 1
 1 1 0 0 1 0 1 0 1 1 1 1 1 0 0 1 0 0 0 1
 0 1 0 1 1 1 1 0 1 1 1 1 1 1 1 0 0 0 1 1
 1 1 1 0 0 1 1 1 1 1 1 0 0 0 1 0 0 1 0 0
 1 1 1 0 0 1 1 1 0 1 0 1 1 1 0 1 1 1 0 0
