25
   75   80   32   91  110   71  101   33  102   26   50   35   21  104   47   64   32  106   52   63   85  105   72  109   27
 0 1 0 1 1 0 0 0 1 1 0 1 0 0 1 0 0 1 0 1 1 1 0 0 0
 1 0 0 0 1 1 1 1 1 1 1 0 0 0 1 0 0 0 0 0 0 1 0 1 1
 0 0 0 0 0 0 0 1 1 1 0 1 1 0 0 0 1 0 0 0 0 1 0 1 0
 1 0 0 0 1 0 0 1 0 0 1 1 0 0 0 0 0 1 1 1 1 0 0 0 1
 1 1 0 1 0 1 1 1 1 1 1 0 0 1 1 0 1 0 1 1 0 1 1 1 1
 0 1 0 0 1 0 0 1 1 1 0 0 0 1 0 1 1 0 0 0 1 1 1 1 0
 0 1 0 0 1 0 0 1 1 0 1 1 0 1 1 0 0 0 1 1 1 0 0 0 0
 0 1 1 1 1 1 1 0 0 1 0 1 1 0 1 0 0 1 1 1 1 1 1 1 0
 1 1 1 0 1 1 1 0 0 1 1 1 0 0 1 0 0 0 1 0 0 1 0 0 0
 1 1 1 0 1 1 0 1 1 0 0 0 0 0 0 1 1 1 1 1 1 0 0 0 0
 0 1 0 1 1 0 1 0 1 0 0 0 0 0 0 1 0 0 0 1 0 0 1 1 0
 1 0 1 1 0 0 1 1 1 0 0 0 0 0 1 0 1 1 0 0 1 1 1 0 1
 0 0 1 0 0 0 0 1 0 0 0 0 0 0 0 0 0 0 1 1 1 1 1 0 0
 0 0 0 0 1 1 1 0 0 0 0 0 0 0 1 0 1 1 0 0 0 1 0 0 1
 1 1 0 0 1 0 1 1 1 0 0 1 0 1 0 1 1 0 1 0 0 0 1 1 0
 0 0 0 0 0 1 0 0 0 1 1 0 0 0 1 0 1 1 1 1 0 1 0 0 0
 0 0 1 0 1 1 0 0 0 1 0 1 0 1 1 1 0 0 0 1 1 1 0 1 0
 1 0 0 1 0 0 0 1 0 1 0 1 0 1 0 1 0 0 0 0 1 1 1 1 1
 0 0 0 1 1 0 1 1 1 1 0 0 1 0 1 1 0 0 0 1 1 0 1 0 1
 1 0 0 1 1 0 1 1 0 1 1 0 1 0 0 1 1 0 1 0 1 0 0 0 1
 1 0 0 1 0 1 1 1 0 1 0 1 1 0 0 0 1 1 1 1 0 1 1 1 1
 1 1 1 0 1 1 0 1 1 0 0 1 1 1 0 1 1 1 0 0 1 0 1 0 1
 0 0 0 0 1 1 0 1 0 0 1 1 1 0 1 0 0 1 1 0 1 1 0 0 1
 0 1 1 0 1 1 0 1 0 0 1 0 0 0 1 0 1 1 0 0 1 0 0 0 1
 0 1 0 1 1 0 0 0 0 0 0 1 0 1 0 0 0 1 1 1 1 1 1 1 0
