20
   33   77   43  106   59   64   62   41  117   32   49   43   86   45   36   56  109   92  115   52
 0 0 1 1 1 0 0 0 0 1 1 1 1 0 0 0 1 1 0 1
 0 0 1 1 1 1 1 1 1 1 1 0 1 1 1 0 1 0 1 1
 1 1 0 1 0 1 1 1 0 1 0 1 1 1 1 1 1 1 0 1
 1 1 1 0 1 1 0 0 1 0 0 1 1 1 1 1 0 0 1 1
 1 1 0 1 0 1 0 1 1 1 1 1 0 1 0 1 0 0 1 0
 0 1 1 1 1 0 0 1 0 1 0 1 0 1 1 1 1 1 0 1
 0 1 1 0 0 0 0 1 1 0 0 0 0 0 1 0 0 1 0 1
 0 1 1 0 1 1 1 0 0 0 1 1 1 1 1 1 1 1 0 0
 0 1 0 1 1 0 1 0 0 0 1 1 1 0 1 1 1 0 1 1
 1 1 1 0 1 1 0 0 0 0 0 0 0 1 0 0 1 1 0 0
 1 1 0 0 1 0 0 1 1 0 0 1 0 0 1 1 0 0 1 1
 1 0 1 1 1 1 0 1 1 0 1 0 0 0 1 1 1 1 1 0
 1 1 1 1 0 0 0 1 1 0 0 0 0 1 1 1 0 1 1 1
 0 1 1 1 1 1 0 1 0 1 0 0 1 0 1 1 0 0 1 1
 0 1 1 1 0 1 1 1 1 0 1 1 1 1 0 0 1 1 0 0
 0 0 1 1 1 1 0 1 1 0 1 1 1 1 0 0 1 1 1 1
 1 1 1 0 0 1 0 1 1 1 0 1 0 0 1 1 0 1 0 0
 1 0 1 0 0 1 1 1 0 1 0 1 1 0 1 1 1 0 1 1
 0 1 0 1 1 0 0 0 1 0 1 1 1 1 0 1 0 1 0 1
 1 1 1 1 0 1 1 0 1 0 1 0 1 1 0 1 0 1 1 0
