20
  110   89   67   44   69   67   74  110   94   32   61   84   66   51   83   60  120  115   31   25
 0 0 1 1 1 1 1 0 1 1 1 0 1 1 1 1 1 0 1 0
 0 0 1 0 1 0 0 1 0 1 1 0 0 1 1 0 0 1 1 0
 1 1 0 1 1 0 0 1 1 1 1 1 1 1 1 1 0 1 0 0
 1 0 1 0 1 1 0 1 0 0 1 1 0 0 1 0 0 1 0 1
 1 1 1 1 0 1 1 1 0 1 0 1 1 0 0 0 0 1 1 1
 1 0 0 1 1 0 1 1 0 1 1 0 0 1 0 0 1 1 1 1
 1 0 0 0 1 1 0 1 1 1 1 1 0 1 0 1 1 0 1 1
 0 1 1 1 1 1 1 0 0 0 1 0 1 1 1 0 1 1 1 1
 1 0 1 0 0 0 1 0 0 1 1 1 0 1 1 1 1 0 1 0
 1 1 1 0 1 1 1 0 1 0 0 1 0 1 1 1 0 1 1 0
 1 1 1 1 0 1 1 1 1 0 0 0 0 1 1 1 1 1 0 0
 0 0 1 1 1 0 1 0 1 1 0 0 1 1 1 0 1 1 0 0
 1 0 1 0 1 0 0 1 0 0 0 1 0 1 1 1 0 1 1 0
 1 1 1 0 0 1 1 1 1 1 1 1 1 0 1 0 1 0 0 1
 1 1 1 1 0 0 0 1 1 1 1 1 1 1 0 1 0 1 0 0
 1 0 1 0 0 0 1 0 1 1 1 0 1 0 1 0 0 1 0 1
 1 0 0 0 0 1 1 1 1 0 1 1 0 1 0 0 0 1 1 1
 0 1 1 1 1 1 0 1 0 1 1 1 1 0 1 1 1 0 1 1
 1 1 0 0 1 1 1 1 1 1 0 0 1 0 0 0 1 1 0 0
 0 0 0 1 1 1 1 1 0 0 0 0 0 1 0 1 1 1 0 0
