25
   20  119   71  118  107   96  117   92   80  101   38  118   65   88  107   80   85   28  111   74   37   94   33   26   72
 0 1 0 0 1 1 1 0 1 0 0 0 0 1 0 0 0 1 1 0 0 1 1 1 1
 1 0 0 0 1 1 1 1 0 0 1 1 0 0 1 1 0 1 0 1 1 0 0 1 1
 0 0 0 0 0 0 0 1 0 1 1 1 1 0 0 0 1 0 1 0 1 1 0 1 1
 0 0 0 0 0 1 0 1 0 1 1 0 1 1 0 0 1 1 0 0 0 0 1 1 0
 1 1 0 0 0 1 0 1 1 1 1 1 0 1 1 1 0 0 0 0 1 0 0 1 1
 1 1 0 1 1 0 0 1 1 1 0 0 0 1 1 1 0 0 1 1 0 1 0 1 0
 1 1 0 0 0 0 0 1 0 0 1 1 0 0 1 0 1 0 0 0 0 0 0 0 0
 0 1 1 1 1 1 1 0 1 1 1 0 1 0 0 1 0 0 1 1 1 1 1 0 0
 1 0 0 0 1 1 0 1 0 0 1 1 0 0 1 0 0 0 1 1 0 1 0 1 1
 0 0 1 1 1 1 0 1 0 0 0 1 0 1 0 1 1 1 0 0 0 0 1 0 0
 0 1 1 1 1 0 1 1 1 0 0 0 1 0 1 0 0 1 1 1 1 0 1 0 0
 0 1 1 0 1 0 1 0 1 1 0 0 1 0 0 1 0 0 1 1 1 1 0 1 0
 0 0 1 1 0 0 0 1 0 0 1 1 0 1 1 1 1 1 1 0 0 0 0 0 0
 1 0 0 1 1 1 0 0 0 1 0 0 1 0 0 0 1 0 1 1 1 1 0 0 0
 0 1 0 0 1 1 1 0 1 0 1 0 1 0 0 1 0 1 1 0 0 0 1 0 0
 0 1 0 0 1 1 0 1 0 1 0 1 1 0 1 0 1 0 1 0 1 0 1 1 0
 0 0 1 1 0 0 1 0 0 1 0 0 1 1 0 1 0 0 1 1 1 1 1 0 1
 1 1 0 1 0 0 0 0 0 1 1 0 1 0 1 0 0 0 0 0 0 1 1 0 1
 1 0 1 0 0 1 0 1 1 0 1 1 1 1 1 1 1 0 0 0 1 1 0 0 1
 0 1 0 0 0 1 0 1 1 0 1 1 0 1 0 0 1 0 0 0 0 1 1 1 0
 0 1 1 0 1 0 0 1 0 0 1 1 0 1 0 1 1 0 1 0 0 0 0 0 1
 1 0 1 0 0 1 0 1 1 0 0 1 0 1 0 0 1 1 1 1 0 0 1 0 1
 1 0 0 1 0 0 0 1 0 1 1 0 0 0 1 1 1 1 0 1 0 1 0 0 1
 1 1 1 1 1 1 0 0 1 0 0 1 0 0 0 1 0 0 0 1 0 0 0 0 0
 1 1 1 0 1 0 0 0 1 0 0 0 0 0 0 0 1 1 1 0 1 1 1 0 0
