25
   30   51   71   50   98   95  111   95   41   61  105   36   71   90   73  105   79   63   88   48   90   43   53   57   88
 0 1 0 1 1 0 1 1 0 0 1 1 1 0 0 0 0 1 1 1 1 0 1 0 1
 1 0 0 0 0 1 1 0 1 0 1 0 0 1 0 0 0 0 0 0 1 0 1 0 0
 0 0 0 1 1 0 0 0 0 0 1 1 0 0 1 1 1 1 0 0 0 0 1 0 0
 1 0 1 0 1 1 1 1 1 1 0 1 1 0 0 1 0 1 1 0 0 0 0 0 0
 1 0 1 1 0 1 1 0 0 1 1 0 0 0 0 0 0 0 0 1 0 0 1 0 1
 0 1 0 1 1 0 1 0 1 1 0 1 0 1 0 1 1 0 1 1 1 1 1 0 0
 1 1 0 1 1 1 0 0 1 1 1 1 0 1 0 1 0 0 1 1 0 0 0 0 1
 1 0 0 1 0 0 0 0 0 1 0 1 0 0 0 0 1 0 1 1 0 0 0 1 1
 0 1 0 1 0 1 1 0 0 1 1 0 1 1 1 0 1 1 0 1 0 0 1 1 0
 0 0 0 1 1 1 1 1 1 0 1 0 0 1 0 1 1 0 0 1 0 1 1 1 1
 1 1 1 0 1 0 1 0 1 1 0 0 0 0 1 1 0 1 0 0 1 1 0 0 0
 1 0 1 1 0 1 1 1 0 0 0 0 1 0 1 0 0 1 1 0 0 0 1 1 1
 1 0 0 1 0 0 0 0 1 0 0 1 0 0 1 0 0 0 1 1 0 0 0 0 0
 0 1 0 0 0 1 1 0 1 1 0 0 0 0 0 1 0 0 0 1 1 0 0 0 0
 0 0 1 0 0 0 0 0 1 0 1 1 1 0 0 0 1 0 1 1 1 1 0 1 1
 0 0 1 1 0 1 1 0 0 1 1 0 0 1 0 0 1 0 1 0 1 1 1 1 1
 0 0 1 0 0 1 0 1 1 1 0 0 0 0 1 1 0 1 0 1 1 0 1 0 0
 1 0 1 1 0 0 0 0 1 0 1 1 0 0 0 0 1 0 1 1 0 1 0 1 1
 1 0 0 1 0 1 1 1 0 0 0 1 1 0 1 1 0 1 0 1 1 0 0 1 1
 1 0 0 0 1 1 1 1 1 1 0 0 1 1 1 0 1 1 1 0 0 1 1 0 1
 1 1 0 0 0 1 0 0 0 0 1 0 0 1 1 1 1 0 1 0 0 0 1 0 1
 0 0 0 0 0 1 0 0 0 1 1 0 0 0 1 1 0 1 0 1 0 0 1 1 0
 1 1 1 0 1 1 0 0 1 1 0 1 0 0 0 1 1 0 0 1 1 1 0 1 1
 0 0 0 0 0 0 0 1 1 1 0 1 0 0 1 1 0 1 1 0 0 1 1 0 1
 1 0 0 0 1 0 1 1 0 1 0 1 0 0 1 1 0 1 1 1 1 0 1 1 0
