25
  105   78  113   25   25  107   20   32  110   76   40   23   45   28  115   84  109   53   75   89   24   97   25   32   31
 0 1 1 0 0 0 1 0 0 1 1 0 0 1 0 1 0 0 1 0 0 0 1 0 0
 1 0 1 0 0 0 1 1 1 1 1 0 0 1 0 1 0 0 1 1 0 0 1 1 1
 1 1 0 0 0 0 1 0 1 1 1 0 0 0 1 1 1 0 0 1 0 1 1 0 0
 0 0 0 0 0 1 1 0 0 0 0 0 1 1 0 0 1 1 1 0 0 1 0 0 1
 0 0 0 0 0 0 1 1 1 0 1 1 0 1 0 0 0 0 1 0 0 1 0 1 0
 0 0 0 1 0 0 0 1 1 1 0 1 0 0 0 1 0 0 0 1 0 0 1 1 1
 1 1 1 1 1 0 0 0 0 0 0 0 1 0 1 1 1 0 1 0 0 0 0 1 0
 0 1 0 0 1 1 0 0 1 0 0 1 1 0 1 0 1 1 0 0 0 1 1 0 0
 0 1 1 0 1 1 0 1 0 1 1 1 1 1 1 0 0 1 1 1 0 0 1 0 1
 1 1 1 0 0 1 0 0 1 0 1 0 0 0 0 1 0 1 1 1 1 0 0 0 0
 1 1 1 0 1 0 0 0 1 1 0 1 0 0 0 0 1 1 1 0 0 1 1 0 1
 0 0 0 0 1 1 0 1 1 0 1 0 1 1 0 0 0 1 1 1 1 1 1 1 1
 0 0 0 1 0 0 1 1 1 0 0 1 0 1 0 1 1 1 1 1 1 0 0 1 0
 1 1 0 1 1 0 0 0 1 0 0 1 1 0 1 0 0 0 0 0 1 1 1 0 0
 0 0 1 0 0 0 1 1 1 0 0 0 0 1 0 1 1 0 1 1 0 1 1 0 1
 1 1 1 0 0 1 1 0 0 1 0 0 1 0 1 0 1 0 0 1 0 1 1 1 1
 0 0 1 1 0 0 1 1 0 0 1 0 1 0 1 1 0 1 0 0 1 1 0 1 0
 0 0 0 1 0 0 0 1 1 1 1 1 1 0 0 0 1 0 1 1 0 0 1 0 1
 1 1 0 1 1 0 1 0 1 1 1 1 1 0 1 0 0 1 0 1 0 1 0 1 1
 0 1 1 0 0 1 0 0 1 1 0 1 1 0 1 1 0 1 1 0 0 0 0 0 0
 0 0 0 0 0 0 0 0 0 1 0 1 1 1 0 0 1 0 0 0 0 1 1 1 0
 0 0 1 1 1 0 0 1 0 0 1 1 0 1 1 1 1 0 1 0 1 0 1 1 0
 1 1 1 0 0 1 0 1 1 0 1 1 0 1 1 1 0 1 0 0 1 1 0 1 0
 0 1 0 0 1 1 1 0 0 0 0 1 1 0 0 1 1 0 1 0 1 1 1 0 0
 0 1 0 1 0 1 0 0 1 0 1 1 0 0 1 1 0 1 1 0 0 0 0 0 0
