25
   94   94  119  105   65  102   49   45   36  111   56   47   66   79   90   24   65   29   35   36  119   58  109   47   87
 0 1 0 1 0 0 1 1 1 0 0 1 1 0 0 0 0 1 1 0 1 1 1 0 0
 1 0 0 0 1 1 0 0 0 0 0 1 0 0 1 1 1 1 1 0 1 1 1 0 0
 0 0 0 1 0 1 1 1 0 1 1 1 1 0 0 0 0 1 1 1 1 1 0 1 1
 1 0 1 0 1 0 0 0 0 1 0 0 0 1 0 0 1 1 0 0 1 0 1 1 1
 0 1 0 1 0 0 1 0 1 1 0 0 0 0 0 0 1 0 0 0 1 1 1 1 1
 0 1 1 0 0 0 1 1 0 0 1 1 1 0 1 0 1 1 0 1 1 1 1 1 1
 1 0 1 0 1 1 0 0 1 1 0 1 1 1 1 1 1 1 1 0 0 0 1 1 0
 1 0 1 0 0 1 0 0 0 0 1 1 1 1 1 1 1 1 0 1 1 0 1 1 1
 1 0 0 0 1 0 1 0 0 1 0 1 0 1 0 1 0 1 0 0 1 1 0 1 0
 0 0 1 1 1 0 1 0 1 0 0 0 0 1 1 0 0 0 0 1 0 1 0 0 1
 0 0 1 0 0 1 0 1 0 0 0 0 1 1 1 0 1 0 0 0 1 0 0 0 0
 1 1 1 0 0 1 1 1 1 0 0 0 0 1 0 0 1 1 0 0 1 0 0 0 0
 1 0 1 0 0 1 1 1 0 0 1 0 0 0 1 0 1 1 0 1 0 0 0 0 0
 0 0 0 1 0 0 1 1 1 1 1 1 0 0 0 0 0 1 0 1 0 0 0 0 0
 0 1 0 0 0 1 1 1 0 1 1 0 1 0 0 1 0 0 1 1 1 1 0 0 1
 0 1 0 0 0 0 1 1 1 0 0 0 0 0 1 0 0 1 1 0 0 0 1 1 1
 0 1 0 1 1 1 1 1 0 0 1 1 1 0 0 0 0 0 0 0 1 1 0 0 1
 1 1 1 1 0 1 1 1 1 0 0 1 1 1 0 1 0 0 1 0 0 0 1 1 0
 1 1 1 0 0 0 1 0 0 0 0 0 0 0 1 1 0 1 0 1 1 0 0 0 0
 0 0 1 0 0 1 0 1 0 1 0 0 1 1 1 0 0 0 1 0 1 0 1 1 1
 1 1 1 1 1 1 0 1 1 0 1 1 0 0 1 0 1 0 1 1 0 0 1 1 0
 1 1 1 0 1 1 0 0 1 1 0 0 0 0 1 0 1 0 0 0 0 0 1 0 0
 1 1 0 1 1 1 1 1 0 0 0 0 0 0 0 1 0 1 0 1 1 1 0 0 0
 0 0 1 1 1 1 1 1 1 0 0 0 0 0 0 1 0 1 0 1 1 0 0 0 1
 0 0 1 1 1 1 0 1 0 1 0 0 0 0 1 1 1 0 0 1 0 0 0 1 0
